	ECB_00737	ECB_01540	ECB_01992	ECB_02012	ECB_02013	ECB_02621	ECB_02797	ECB_02816	ECB_02836	ECB_02837	ECB_02852	ECB_03438	ECB_03460	ECB_03710	ECB_03719	ECB_03722	acpP	acs	appC	appY	arcA	arcB	argR	aroG	astE	atoC	blr	cirA	cls	cpsG	cpxR	crp	cusR	cycA	degS	deoR	dgt	envZ	fabF	fadL	farR	feoA	fimE	flgB	flu	galF	glgC	glpF	glpG	glpR	gltA	gltB	gltS	gmhB	gudP	hcp	hemX	hepA	hisL	hokB	hokD	hpaX	hsdS	hslU	hupB	hyfA	hyfB	iap	iclR	ilvL	infB	infC	iscR	lacZ	lon	lrp	maeB	malT	manC	manY	menC	metH	metJ	metR	mhpR	mntH	mokB	mokC	mqo	mreB	mreC	mtlD	nadR	narH	narZ	nudC	oppD	pbpC	pflB	phoH	phoR	plsB	prlA	proX	pykA	pykF	queA	rbsA	rbsB	rbsD	rbsR	recF	recO	rfbB	rnb	rne	rpiR	rplF	rpsA	rpsC	rpsD	sapA	sapF	speG	spoT	sucB	tap	thiI	thrA	tktB	torA	trkH	wzy	yaaX	yadF	yadH	yahA	ybaE	ybaL	ybbN	ybcU	ybeA	ybeB	ybeM	ybhP	ybiN	ybjD	ybjE	ycbB	ycdM	yceK	ycfC	ycgG	ydhH	ydhK	ydiQ	yeaU	yebY	yecE	yeeF	yeeI	yeeR	yeeU	yegO	yfaQ	yfcTU	yfhR	yfiQ	ygbK	ygbO	yggM	yghS	ygjD	ygjG	yhbG	yhdG	yhdJ	yhfX	yhhN	yicC	yicL	yieH	yieO	yihP	yihR	yjcE	yjeB	yjgM	yjgN	yjiX	yjjY	ylcG	yliE	yoaE	yqeB	yqhH	yrbA	zntA
ECB_00737	1	0	1	0	0	0	0	0	0	0	0	1	0	1	1	0	1	0	0	0	1	1	0	0	0	1	0	1	0	0	0	0	0	1	0	1	1	0	0	1	0	0	0	0	1	0	0	1	0	0	0	0	1	1	0	1	0	0	0	1	1	0	1	1	1	0	1	0	1	0	0	0	0	1	0	0	0	1	0	0	0	1	0	0	0	0	0	1	0	0	0	0	1	0	0	0	0	0	1	1	0	0	0	1	0	1	1	0	0	0	0	1	0	0	0	0	1	0	0	0	0	1	0	0	0	0	1	0	0	0	0	0	0	0	0	0	0	0	0	1	0	0	1	0	0	0	0	0	0	0	0	1	1	0	0	0	0	1	1	0	1	1	1	1	0	1	0	0	1	0	0	1	0	0	0	1	0	0	1	0	0	0	1	0	1	0	1	1	0	0	0	0	0	1	0	1	1	1
ECB_01540	0	1	0	0	0	0	1	0	1	0	0	0	0	0	0	0	0	1	1	0	1	0	1	0	0	0	0	0	0	0	1	0	0	0	0	0	0	0	0	0	0	1	0	1	0	0	0	0	1	0	0	0	0	0	1	1	0	0	0	0	0	0	0	1	0	0	0	0	1	1	0	0	0	0	1	1	0	1	0	0	1	1	0	0	0	0	0	0	0	1	0	0	1	0	0	0	0	0	0	0	0	0	0	0	0	1	0	1	0	0	0	0	0	0	1	0	0	0	1	0	1	0	0	1	1	1	0	0	0	1	1	0	1	1	1	0	0	0	1	0	0	0	0	0	0	0	1	0	1	0	0	0	0	0	0	1	0	0	0	1	0	0	0	0	0	0	1	0	0	0	0	0	0	0	1	0	1	1	0	0	0	0	0	1	0	0	0	0	1	0	0	0	0	0	1	0	0	0
ECB_01992	1	0	1	0	0	0	0	1	0	0	0	1	0	1	1	1	1	1	0	1	2	1	0	1	0	1	0	1	0	1	0	0	0	1	1	1	1	1	0	1	1	0	1	0	1	0	0	1	0	1	0	1	1	1	0	1	1	1	0	1	1	0	2	2	1	0	1	0	2	0	1	1	0	1	0	0	0	1	0	0	0	1	0	1	1	1	0	1	1	1	0	0	2	0	0	1	0	1	2	1	1	0	0	1	0	2	1	0	1	0	0	1	0	0	0	0	1	0	0	0	0	1	1	0	1	0	1	1	1	0	0	0	0	0	0	1	0	1	0	1	0	0	1	0	1	0	0	0	0	0	1	1	1	0	0	0	0	1	1	0	1	1	1	1	0	1	0	0	1	0	0	1	0	1	0	2	0	0	1	0	0	0	1	0	1	1	1	2	0	0	1	0	0	1	0	1	1	1
ECB_02012	0	0	0	1	0	1	0	1	0	0	0	0	1	0	0	0	0	1	0	0	1	0	0	0	0	0	0	0	0	0	0	0	1	0	0	0	0	1	0	0	0	0	0	0	0	0	0	0	0	0	1	0	0	0	0	0	0	0	0	0	0	1	0	1	0	0	0	1	1	0	0	1	0	0	0	0	1	1	1	1	1	1	0	0	0	0	1	1	0	0	1	0	1	0	1	0	1	0	0	1	0	0	1	0	0	1	0	0	0	0	0	0	1	1	0	0	0	0	0	0	0	0	0	0	1	0	0	0	0	0	0	0	0	0	0	1	0	0	0	0	1	0	0	0	0	0	0	0	0	0	0	0	0	0	0	0	0	0	0	1	0	0	0	0	0	0	0	1	0	0	1	0	1	0	0	1	0	0	0	0	1	1	1	0	0	0	0	0	0	0	0	1	0	0	0	0	0	0
ECB_02013	0	0	0	0	1	0	0	0	0	1	1	0	0	0	0	0	0	1	0	0	0	0	0	0	1	0	1	0	1	0	0	1	0	0	0	0	0	0	1	0	0	0	0	0	0	0	1	0	0	1	0	0	0	0	0	0	0	0	1	1	0	0	1	1	0	1	0	0	1	0	1	0	1	0	0	0	0	1	0	0	0	0	1	0	0	0	0	1	0	0	0	1	1	1	0	0	0	0	1	1	0	1	0	0	1	1	0	0	0	0	1	0	0	0	0	1	0	1	0	0	0	0	0	0	0	0	0	0	1	0	0	0	0	0	0	0	1	0	1	0	0	1	1	1	0	1	0	1	1	1	0	0	0	1	1	0	1	0	0	1	0	0	0	0	1	0	0	0	0	1	0	0	0	1	0	0	0	0	0	1	0	0	0	1	0	0	0	0	0	1	0	0	1	0	0	0	0	0
ECB_02621	0	0	0	1	0	1	0	1	0	0	0	0	1	0	0	0	0	1	0	0	1	0	0	0	0	0	0	0	0	0	0	0	1	0	0	0	0	1	0	0	0	0	0	0	0	0	0	0	0	0	1	0	0	0	0	0	0	0	0	0	0	1	0	1	0	0	0	1	1	0	0	1	0	0	0	0	1	1	1	1	1	1	0	0	0	0	1	1	0	0	1	0	1	0	1	0	1	0	0	1	0	0	1	0	0	1	0	0	0	0	0	0	1	1	0	0	0	0	0	0	0	0	0	0	1	0	0	0	0	0	0	0	0	0	0	1	0	0	0	0	1	0	0	0	0	0	0	0	0	0	0	0	0	0	0	0	0	0	0	1	0	0	0	0	0	0	0	1	0	0	1	0	1	0	0	1	0	0	0	0	1	1	1	0	0	0	0	0	0	0	0	1	0	0	0	0	0	0
ECB_02797	0	1	0	0	0	0	1	0	1	0	0	0	0	0	0	0	0	1	1	0	1	0	1	0	0	0	0	0	0	0	1	0	0	0	0	0	0	0	0	0	0	1	0	1	0	0	0	0	1	0	0	0	0	0	1	1	0	0	0	0	0	0	0	1	0	0	0	0	1	1	0	0	0	0	1	1	0	1	0	0	1	1	0	0	0	0	0	0	0	1	0	0	1	0	0	0	0	0	0	0	0	0	0	0	0	1	0	1	0	0	0	0	0	0	1	0	0	0	1	0	1	0	0	1	1	1	0	0	0	1	1	0	1	1	1	0	0	0	1	0	0	0	0	0	0	0	1	0	1	0	0	0	0	0	0	1	0	0	0	1	0	0	0	0	0	0	1	0	0	0	0	0	0	0	1	0	1	1	0	0	0	0	0	1	0	0	0	0	1	0	0	0	0	0	1	0	0	0
ECB_02816	0	0	1	1	0	1	0	1	0	0	0	0	1	0	0	1	0	2	0	1	2	0	0	1	0	0	0	0	0	1	0	0	1	0	1	0	0	2	0	0	1	0	1	0	0	0	0	0	0	1	1	1	0	0	0	0	1	1	0	0	0	1	1	2	0	0	0	1	2	0	1	2	0	0	0	0	1	1	1	1	1	1	0	1	1	1	1	1	1	1	1	0	2	0	1	1	1	1	1	1	1	0	1	0	0	2	0	0	1	0	0	0	1	1	0	0	0	0	0	0	0	0	1	0	2	0	0	1	1	0	0	0	0	0	0	2	0	1	0	0	1	0	0	0	1	0	0	0	0	0	1	0	0	0	0	0	0	0	0	1	0	0	0	0	0	0	0	1	0	0	1	0	1	1	0	2	0	0	0	0	1	1	1	0	0	1	0	1	0	0	1	1	0	0	0	0	0	0
ECB_02836	0	1	0	0	0	0	1	0	1	0	0	0	0	0	0	0	0	1	1	0	1	0	1	0	0	0	0	0	0	0	1	0	0	0	0	0	0	0	0	0	0	1	0	1	0	0	0	0	1	0	0	0	0	0	1	1	0	0	0	0	0	0	0	1	0	0	0	0	1	1	0	0	0	0	1	1	0	1	0	0	1	1	0	0	0	0	0	0	0	1	0	0	1	0	0	0	0	0	0	0	0	0	0	0	0	1	0	1	0	0	0	0	0	0	1	0	0	0	1	0	1	0	0	1	1	1	0	0	0	1	1	0	1	1	1	0	0	0	1	0	0	0	0	0	0	0	1	0	1	0	0	0	0	0	0	1	0	0	0	1	0	0	0	0	0	0	1	0	0	0	0	0	0	0	1	0	1	1	0	0	0	0	0	1	0	0	0	0	1	0	0	0	0	0	1	0	0	0
ECB_02837	0	0	0	0	1	0	0	0	0	1	1	0	0	0	0	0	0	1	0	0	0	0	0	0	1	0	1	0	1	0	0	1	0	0	0	0	0	0	1	0	0	0	0	0	0	0	1	0	0	1	0	0	0	0	0	0	0	0	1	1	0	0	1	1	0	1	0	0	1	0	1	0	1	0	0	0	0	1	0	0	0	0	1	0	0	0	0	1	0	0	0	1	1	1	0	0	0	0	1	1	0	1	0	0	1	1	0	0	0	0	1	0	0	0	0	1	0	1	0	0	0	0	0	0	0	0	0	0	1	0	0	0	0	0	0	0	1	0	1	0	0	1	1	1	0	1	0	1	1	1	0	0	0	1	1	0	1	0	0	1	0	0	0	0	1	0	0	0	0	1	0	0	0	1	0	0	0	0	0	1	0	0	0	1	0	0	0	0	0	1	0	0	1	0	0	0	0	0
ECB_02852	0	0	0	0	1	0	0	0	0	1	1	0	0	0	0	0	0	1	0	0	0	0	0	0	1	0	1	0	1	0	0	1	0	0	0	0	0	0	1	0	0	0	0	0	0	0	1	0	0	1	0	0	0	0	0	0	0	0	1	1	0	0	1	1	0	1	0	0	1	0	1	0	1	0	0	0	0	1	0	0	0	0	1	0	0	0	0	1	0	0	0	1	1	1	0	0	0	0	1	1	0	1	0	0	1	1	0	0	0	0	1	0	0	0	0	1	0	1	0	0	0	0	0	0	0	0	0	0	1	0	0	0	0	0	0	0	1	0	1	0	0	1	1	1	0	1	0	1	1	1	0	0	0	1	1	0	1	0	0	1	0	0	0	0	1	0	0	0	0	1	0	0	0	1	0	0	0	0	0	1	0	0	0	1	0	0	0	0	0	1	0	0	1	0	0	0	0	0
ECB_03438	1	0	1	0	0	0	0	0	0	0	0	1	0	1	1	0	1	0	0	0	1	1	0	0	0	1	0	1	0	0	0	0	0	1	0	1	1	0	0	1	0	0	0	0	1	0	0	1	0	0	0	0	1	1	0	1	0	0	0	1	1	0	1	1	1	0	1	0	1	0	0	0	0	1	0	0	0	1	0	0	0	1	0	0	0	0	0	1	0	0	0	0	1	0	0	0	0	0	1	1	0	0	0	1	0	1	1	0	0	0	0	1	0	0	0	0	1	0	0	0	0	1	0	0	0	0	1	0	0	0	0	0	0	0	0	0	0	0	0	1	0	0	1	0	0	0	0	0	0	0	0	1	1	0	0	0	0	1	1	0	1	1	1	1	0	1	0	0	1	0	0	1	0	0	0	1	0	0	1	0	0	0	1	0	1	0	1	1	0	0	0	0	0	1	0	1	1	1
ECB_03460	0	0	0	1	0	1	0	1	0	0	0	0	1	0	0	0	0	1	0	0	1	0	0	0	0	0	0	0	0	0	0	0	1	0	0	0	0	1	0	0	0	0	0	0	0	0	0	0	0	0	1	0	0	0	0	0	0	0	0	0	0	1	0	1	0	0	0	1	1	0	0	1	0	0	0	0	1	1	1	1	1	1	0	0	0	0	1	1	0	0	1	0	1	0	1	0	1	0	0	1	0	0	1	0	0	1	0	0	0	0	0	0	1	1	0	0	0	0	0	0	0	0	0	0	1	0	0	0	0	0	0	0	0	0	0	1	0	0	0	0	1	0	0	0	0	0	0	0	0	0	0	0	0	0	0	0	0	0	0	1	0	0	0	0	0	0	0	1	0	0	1	0	1	0	0	1	0	0	0	0	1	1	1	0	0	0	0	0	0	0	0	1	0	0	0	0	0	0
ECB_03710	1	0	1	0	0	0	0	0	0	0	0	1	0	1	1	0	1	0	0	0	1	1	0	0	0	1	0	1	0	0	0	0	0	1	0	1	1	0	0	1	0	0	0	0	1	0	0	1	0	0	0	0	1	1	0	1	0	0	0	1	1	0	1	1	1	0	1	0	1	0	0	0	0	1	0	0	0	1	0	0	0	1	0	0	0	0	0	1	0	0	0	0	1	0	0	0	0	0	1	1	0	0	0	1	0	1	1	0	0	0	0	1	0	0	0	0	1	0	0	0	0	1	0	0	0	0	1	0	0	0	0	0	0	0	0	0	0	0	0	1	0	0	1	0	0	0	0	0	0	0	0	1	1	0	0	0	0	1	1	0	1	1	1	1	0	1	0	0	1	0	0	1	0	0	0	1	0	0	1	0	0	0	1	0	1	0	1	1	0	0	0	0	0	1	0	1	1	1
ECB_03719	1	0	1	0	0	0	0	0	0	0	0	1	0	1	1	0	1	0	0	0	1	1	0	0	0	1	0	1	0	0	0	0	0	1	0	1	1	0	0	1	0	0	0	0	1	0	0	1	0	0	0	0	1	1	0	1	0	0	0	1	1	0	1	1	1	0	1	0	1	0	0	0	0	1	0	0	0	1	0	0	0	1	0	0	0	0	0	1	0	0	0	0	1	0	0	0	0	0	1	1	0	0	0	1	0	1	1	0	0	0	0	1	0	0	0	0	1	0	0	0	0	1	0	0	0	0	1	0	0	0	0	0	0	0	0	0	0	0	0	1	0	0	1	0	0	0	0	0	0	0	0	1	1	0	0	0	0	1	1	0	1	1	1	1	0	1	0	0	1	0	0	1	0	0	0	1	0	0	1	0	0	0	1	0	1	0	1	1	0	0	0	0	0	1	0	1	1	1
ECB_03722	0	0	1	0	0	0	0	1	0	0	0	0	0	0	0	1	0	1	0	1	1	0	0	1	0	0	0	0	0	1	0	0	0	0	1	0	0	1	0	0	1	0	1	0	0	0	0	0	0	1	0	1	0	0	0	0	1	1	0	0	0	0	1	1	0	0	0	0	1	0	1	1	0	0	0	0	0	0	0	0	0	0	0	1	1	1	0	0	1	1	0	0	1	0	0	1	0	1	1	0	1	0	0	0	0	1	0	0	1	0	0	0	0	0	0	0	0	0	0	0	0	0	1	0	1	0	0	1	1	0	0	0	0	0	0	1	0	1	0	0	0	0	0	0	1	0	0	0	0	0	1	0	0	0	0	0	0	0	0	0	0	0	0	0	0	0	0	0	0	0	0	0	0	1	0	1	0	0	0	0	0	0	0	0	0	1	0	1	0	0	1	0	0	0	0	0	0	0
acpP	1	0	1	0	0	0	0	0	0	0	0	1	0	1	1	0	1	0	0	0	1	1	0	0	0	1	0	1	0	0	0	0	0	1	0	1	1	0	0	1	0	0	0	0	1	0	0	1	0	0	0	0	1	1	0	1	0	0	0	1	1	0	1	1	1	0	1	0	1	0	0	0	0	1	0	0	0	1	0	0	0	1	0	0	0	0	0	1	0	0	0	0	1	0	0	0	0	0	1	1	0	0	0	1	0	1	1	0	0	0	0	1	0	0	0	0	1	0	0	0	0	1	0	0	0	0	1	0	0	0	0	0	0	0	0	0	0	0	0	1	0	0	1	0	0	0	0	0	0	0	0	1	1	0	0	0	0	1	1	0	1	1	1	1	0	1	0	0	1	0	0	1	0	0	0	1	0	0	1	0	0	0	1	0	1	0	1	1	0	0	0	0	0	1	0	1	1	1
acs	0	1	1	1	1	1	1	2	1	1	1	0	1	0	0	1	0	1	1	1	3	0	1	1	1	0	1	0	1	1	1	1	1	0	1	0	0	2	1	0	1	1	1	1	0	0	1	0	1	2	1	1	0	0	1	1	1	1	1	1	0	1	2	4	0	1	0	1	4	1	2	2	1	0	1	1	1	3	1	1	2	2	1	1	1	1	1	2	1	2	1	1	4	1	1	1	1	1	2	2	1	1	1	0	1	4	0	1	1	0	1	0	1	1	1	1	0	1	1	0	1	0	1	1	3	1	0	1	2	1	1	0	1	1	1	2	1	1	2	0	1	1	1	1	1	1	1	1	2	1	1	0	0	1	1	1	1	0	0	3	0	0	0	0	1	0	1	1	0	1	1	0	1	2	1	2	1	1	0	1	1	1	1	2	0	1	0	1	1	1	1	1	1	0	1	0	0	0
appC	0	1	0	0	0	0	1	0	1	0	0	0	0	0	0	0	0	1	1	0	1	0	1	0	0	0	0	0	0	0	1	0	0	0	0	0	0	0	0	0	0	1	0	1	0	0	0	0	1	0	0	0	0	0	1	1	0	0	0	0	0	0	0	1	0	0	0	0	1	1	0	0	0	0	1	1	0	1	0	0	1	1	0	0	0	0	0	0	0	1	0	0	1	0	0	0	0	0	0	0	0	0	0	0	0	1	0	1	0	0	0	0	0	0	1	0	0	0	1	0	1	0	0	1	1	1	0	0	0	1	1	0	1	1	1	0	0	0	1	0	0	0	0	0	0	0	1	0	1	0	0	0	0	0	0	1	0	0	0	1	0	0	0	0	0	0	1	0	0	0	0	0	0	0	1	0	1	1	0	0	0	0	0	1	0	0	0	0	1	0	0	0	0	0	1	0	0	0
appY	0	0	1	0	0	0	0	1	0	0	0	0	0	0	0	1	0	1	0	1	1	0	0	1	0	0	0	0	0	1	0	0	0	0	1	0	0	1	0	0	1	0	1	0	0	0	0	0	0	1	0	1	0	0	0	0	1	1	0	0	0	0	1	1	0	0	0	0	1	0	1	1	0	0	0	0	0	0	0	0	0	0	0	1	1	1	0	0	1	1	0	0	1	0	0	1	0	1	1	0	1	0	0	0	0	1	0	0	1	0	0	0	0	0	0	0	0	0	0	0	0	0	1	0	1	0	0	1	1	0	0	0	0	0	0	1	0	1	0	0	0	0	0	0	1	0	0	0	0	0	1	0	0	0	0	0	0	0	0	0	0	0	0	0	0	0	0	0	0	0	0	0	0	1	0	1	0	0	0	0	0	0	0	0	0	1	0	1	0	0	1	0	0	0	0	0	0	0
arcA	1	1	2	1	0	1	1	2	1	0	0	1	1	1	1	1	1	3	1	1	1	1	1	1	0	1	0	1	0	1	1	0	1	1	1	1	1	2	0	1	1	1	1	1	1	0	0	1	1	1	1	1	1	1	1	2	1	1	0	1	1	1	2	4	1	0	1	1	4	1	1	2	0	1	1	1	1	3	1	1	2	3	0	1	1	1	1	2	1	2	1	0	4	0	1	1	1	1	2	2	1	0	1	1	0	4	1	1	1	0	0	1	1	1	1	0	1	0	1	0	1	1	1	1	3	1	1	1	1	1	1	0	1	1	1	2	0	1	1	1	1	0	1	0	1	0	1	0	1	0	1	1	1	0	0	1	0	1	1	2	1	1	1	1	0	1	1	1	1	0	1	1	1	1	1	3	1	1	1	0	1	1	2	1	1	1	1	2	1	0	1	1	0	1	1	1	1	1
arcB	1	0	1	0	0	0	0	0	0	0	0	1	0	1	1	0	1	0	0	0	1	1	0	0	0	1	0	1	0	0	0	0	0	1	0	1	1	0	0	1	0	0	0	0	1	0	0	1	0	0	0	0	1	1	0	1	0	0	0	1	1	0	1	1	1	0	1	0	1	0	0	0	0	1	0	0	0	1	0	0	0	1	0	0	0	0	0	1	0	0	0	0	1	0	0	0	0	0	1	1	0	0	0	1	0	1	1	0	0	0	0	1	0	0	0	0	1	0	0	0	0	1	0	0	0	0	1	0	0	0	0	0	0	0	0	0	0	0	0	1	0	0	1	0	0	0	0	0	0	0	0	1	1	0	0	0	0	1	1	0	1	1	1	1	0	1	0	0	1	0	0	1	0	0	0	1	0	0	1	0	0	0	1	0	1	0	1	1	0	0	0	0	0	1	0	1	1	1
argR	0	1	0	0	0	0	1	0	1	0	0	0	0	0	0	0	0	1	1	0	1	0	1	0	0	0	0	0	0	0	1	0	0	0	0	0	0	0	0	0	0	1	0	1	0	0	0	0	1	0	0	0	0	0	1	1	0	0	0	0	0	0	0	1	0	0	0	0	1	1	0	0	0	0	1	1	0	1	0	0	1	1	0	0	0	0	0	0	0	1	0	0	1	0	0	0	0	0	0	0	0	0	0	0	0	1	0	1	0	0	0	0	0	0	1	0	0	0	1	0	1	0	0	1	1	1	0	0	0	1	1	0	1	1	1	0	0	0	1	0	0	0	0	0	0	0	1	0	1	0	0	0	0	0	0	1	0	0	0	1	0	0	0	0	0	0	1	0	0	0	0	0	0	0	1	0	1	1	0	0	0	0	0	1	0	0	0	0	1	0	0	0	0	0	1	0	0	0
aroG	0	0	1	0	0	0	0	1	0	0	0	0	0	0	0	1	0	1	0	1	1	0	0	1	0	0	0	0	0	1	0	0	0	0	1	0	0	1	0	0	1	0	1	0	0	0	0	0	0	1	0	1	0	0	0	0	1	1	0	0	0	0	1	1	0	0	0	0	1	0	1	1	0	0	0	0	0	0	0	0	0	0	0	1	1	1	0	0	1	1	0	0	1	0	0	1	0	1	1	0	1	0	0	0	0	1	0	0	1	0	0	0	0	0	0	0	0	0	0	0	0	0	1	0	1	0	0	1	1	0	0	0	0	0	0	1	0	1	0	0	0	0	0	0	1	0	0	0	0	0	1	0	0	0	0	0	0	0	0	0	0	0	0	0	0	0	0	0	0	0	0	0	0	1	0	1	0	0	0	0	0	0	0	0	0	1	0	1	0	0	1	0	0	0	0	0	0	0
astE	0	0	0	0	1	0	0	0	0	1	1	0	0	0	0	0	0	1	0	0	0	0	0	0	1	0	1	0	1	0	0	1	0	0	0	0	0	0	1	0	0	0	0	0	0	0	1	0	0	1	0	0	0	0	0	0	0	0	1	1	0	0	1	1	0	1	0	0	1	0	1	0	1	0	0	0	0	1	0	0	0	0	1	0	0	0	0	1	0	0	0	1	1	1	0	0	0	0	1	1	0	1	0	0	1	1	0	0	0	0	1	0	0	0	0	1	0	1	0	0	0	0	0	0	0	0	0	0	1	0	0	0	0	0	0	0	1	0	1	0	0	1	1	1	0	1	0	1	1	1	0	0	0	1	1	0	1	0	0	1	0	0	0	0	1	0	0	0	0	1	0	0	0	1	0	0	0	0	0	1	0	0	0	1	0	0	0	0	0	1	0	0	1	0	0	0	0	0
atoC	1	0	1	0	0	0	0	0	0	0	0	1	0	1	1	0	1	0	0	0	1	1	0	0	0	1	0	1	0	0	0	0	0	1	0	1	1	0	0	1	0	0	0	0	1	0	0	1	0	0	0	0	1	1	0	1	0	0	0	1	1	0	1	1	1	0	1	0	1	0	0	0	0	1	0	0	0	1	0	0	0	1	0	0	0	0	0	1	0	0	0	0	1	0	0	0	0	0	1	1	0	0	0	1	0	1	1	0	0	0	0	1	0	0	0	0	1	0	0	0	0	1	0	0	0	0	1	0	0	0	0	0	0	0	0	0	0	0	0	1	0	0	1	0	0	0	0	0	0	0	0	1	1	0	0	0	0	1	1	0	1	1	1	1	0	1	0	0	1	0	0	1	0	0	0	1	0	0	1	0	0	0	1	0	1	0	1	1	0	0	0	0	0	1	0	1	1	1
blr	0	0	0	0	1	0	0	0	0	1	1	0	0	0	0	0	0	1	0	0	0	0	0	0	1	0	1	0	1	0	0	1	0	0	0	0	0	0	1	0	0	0	0	0	0	0	1	0	0	1	0	0	0	0	0	0	0	0	1	1	0	0	1	1	0	1	0	0	1	0	1	0	1	0	0	0	0	1	0	0	0	0	1	0	0	0	0	1	0	0	0	1	1	1	0	0	0	0	1	1	0	1	0	0	1	1	0	0	0	0	1	0	0	0	0	1	0	1	0	0	0	0	0	0	0	0	0	0	1	0	0	0	0	0	0	0	1	0	1	0	0	1	1	1	0	1	0	1	1	1	0	0	0	1	1	0	1	0	0	1	0	0	0	0	1	0	0	0	0	1	0	0	0	1	0	0	0	0	0	1	0	0	0	1	0	0	0	0	0	1	0	0	1	0	0	0	0	0
cirA	1	0	1	0	0	0	0	0	0	0	0	1	0	1	1	0	1	0	0	0	1	1	0	0	0	1	0	1	0	0	0	0	0	1	0	1	1	0	0	1	0	0	0	0	1	0	0	1	0	0	0	0	1	1	0	1	0	0	0	1	1	0	1	1	1	0	1	0	1	0	0	0	0	1	0	0	0	1	0	0	0	1	0	0	0	0	0	1	0	0	0	0	1	0	0	0	0	0	1	1	0	0	0	1	0	1	1	0	0	0	0	1	0	0	0	0	1	0	0	0	0	1	0	0	0	0	1	0	0	0	0	0	0	0	0	0	0	0	0	1	0	0	1	0	0	0	0	0	0	0	0	1	1	0	0	0	0	1	1	0	1	1	1	1	0	1	0	0	1	0	0	1	0	0	0	1	0	0	1	0	0	0	1	0	1	0	1	1	0	0	0	0	0	1	0	1	1	1
cls	0	0	0	0	1	0	0	0	0	1	1	0	0	0	0	0	0	1	0	0	0	0	0	0	1	0	1	0	1	0	0	1	0	0	0	0	0	0	1	0	0	0	0	0	0	0	1	0	0	1	0	0	0	0	0	0	0	0	1	1	0	0	1	1	0	1	0	0	1	0	1	0	1	0	0	0	0	1	0	0	0	0	1	0	0	0	0	1	0	0	0	1	1	1	0	0	0	0	1	1	0	1	0	0	1	1	0	0	0	0	1	0	0	0	0	1	0	1	0	0	0	0	0	0	0	0	0	0	1	0	0	0	0	0	0	0	1	0	1	0	0	1	1	1	0	1	0	1	1	1	0	0	0	1	1	0	1	0	0	1	0	0	0	0	1	0	0	0	0	1	0	0	0	1	0	0	0	0	0	1	0	0	0	1	0	0	0	0	0	1	0	0	1	0	0	0	0	0
cpsG	0	0	1	0	0	0	0	1	0	0	0	0	0	0	0	1	0	1	0	1	1	0	0	1	0	0	0	0	0	1	0	0	0	0	1	0	0	1	0	0	1	0	1	0	0	0	0	0	0	1	0	1	0	0	0	0	1	1	0	0	0	0	1	1	0	0	0	0	1	0	1	1	0	0	0	0	0	0	0	0	0	0	0	1	1	1	0	0	1	1	0	0	1	0	0	1	0	1	1	0	1	0	0	0	0	1	0	0	1	0	0	0	0	0	0	0	0	0	0	0	0	0	1	0	1	0	0	1	1	0	0	0	0	0	0	1	0	1	0	0	0	0	0	0	1	0	0	0	0	0	1	0	0	0	0	0	0	0	0	0	0	0	0	0	0	0	0	0	0	0	0	0	0	1	0	1	0	0	0	0	0	0	0	0	0	1	0	1	0	0	1	0	0	0	0	0	0	0
cpxR	0	1	0	0	0	0	1	0	1	0	0	0	0	0	0	0	0	1	1	0	1	0	1	0	0	0	0	0	0	0	1	0	0	0	0	0	0	0	0	0	0	1	0	1	0	0	0	0	1	0	0	0	0	0	1	1	0	0	0	0	0	0	0	1	0	0	0	0	1	1	0	0	0	0	1	1	0	1	0	0	1	1	0	0	0	0	0	0	0	1	0	0	1	0	0	0	0	0	0	0	0	0	0	0	0	1	0	1	0	0	0	0	0	0	1	0	0	0	1	0	1	0	0	1	1	1	0	0	0	1	1	0	1	1	1	0	0	0	1	0	0	0	0	0	0	0	1	0	1	0	0	0	0	0	0	1	0	0	0	1	0	0	0	0	0	0	1	0	0	0	0	0	0	0	1	0	1	1	0	0	0	0	0	1	0	0	0	0	1	0	0	0	0	0	1	0	0	0
crp	0	0	0	0	1	0	0	0	0	1	1	0	0	0	0	0	0	1	0	0	0	0	0	0	1	0	1	0	1	0	0	1	0	0	0	0	0	0	1	0	0	0	0	0	0	0	1	0	0	1	0	0	0	0	0	0	0	0	1	1	0	0	1	1	0	1	0	0	1	0	1	0	1	0	0	0	0	1	0	0	0	0	1	0	0	0	0	1	0	0	0	1	1	1	0	0	0	0	1	1	0	1	0	0	1	1	0	0	0	0	1	0	0	0	0	1	0	1	0	0	0	0	0	0	0	0	0	0	1	0	0	0	0	0	0	0	1	0	1	0	0	1	1	1	0	1	0	1	1	1	0	0	0	1	1	0	1	0	0	1	0	0	0	0	1	0	0	0	0	1	0	0	0	1	0	0	0	0	0	1	0	0	0	1	0	0	0	0	0	1	0	0	1	0	0	0	0	0
cusR	0	0	0	1	0	1	0	1	0	0	0	0	1	0	0	0	0	1	0	0	1	0	0	0	0	0	0	0	0	0	0	0	1	0	0	0	0	1	0	0	0	0	0	0	0	0	0	0	0	0	1	0	0	0	0	0	0	0	0	0	0	1	0	1	0	0	0	1	1	0	0	1	0	0	0	0	1	1	1	1	1	1	0	0	0	0	1	1	0	0	1	0	1	0	1	0	1	0	0	1	0	0	1	0	0	1	0	0	0	0	0	0	1	1	0	0	0	0	0	0	0	0	0	0	1	0	0	0	0	0	0	0	0	0	0	1	0	0	0	0	1	0	0	0	0	0	0	0	0	0	0	0	0	0	0	0	0	0	0	1	0	0	0	0	0	0	0	1	0	0	1	0	1	0	0	1	0	0	0	0	1	1	1	0	0	0	0	0	0	0	0	1	0	0	0	0	0	0
cycA	1	0	1	0	0	0	0	0	0	0	0	1	0	1	1	0	1	0	0	0	1	1	0	0	0	1	0	1	0	0	0	0	0	1	0	1	1	0	0	1	0	0	0	0	1	0	0	1	0	0	0	0	1	1	0	1	0	0	0	1	1	0	1	1	1	0	1	0	1	0	0	0	0	1	0	0	0	1	0	0	0	1	0	0	0	0	0	1	0	0	0	0	1	0	0	0	0	0	1	1	0	0	0	1	0	1	1	0	0	0	0	1	0	0	0	0	1	0	0	0	0	1	0	0	0	0	1	0	0	0	0	0	0	0	0	0	0	0	0	1	0	0	1	0	0	0	0	0	0	0	0	1	1	0	0	0	0	1	1	0	1	1	1	1	0	1	0	0	1	0	0	1	0	0	0	1	0	0	1	0	0	0	1	0	1	0	1	1	0	0	0	0	0	1	0	1	1	1
degS	0	0	1	0	0	0	0	1	0	0	0	0	0	0	0	1	0	1	0	1	1	0	0	1	0	0	0	0	0	1	0	0	0	0	1	0	0	1	0	0	1	0	1	0	0	0	0	0	0	1	0	1	0	0	0	0	1	1	0	0	0	0	1	1	0	0	0	0	1	0	1	1	0	0	0	0	0	0	0	0	0	0	0	1	1	1	0	0	1	1	0	0	1	0	0	1	0	1	1	0	1	0	0	0	0	1	0	0	1	0	0	0	0	0	0	0	0	0	0	0	0	0	1	0	1	0	0	1	1	0	0	0	0	0	0	1	0	1	0	0	0	0	0	0	1	0	0	0	0	0	1	0	0	0	0	0	0	0	0	0	0	0	0	0	0	0	0	0	0	0	0	0	0	1	0	1	0	0	0	0	0	0	0	0	0	1	0	1	0	0	1	0	0	0	0	0	0	0
deoR	1	0	1	0	0	0	0	0	0	0	0	1	0	1	1	0	1	0	0	0	1	1	0	0	0	1	0	1	0	0	0	0	0	1	0	1	1	0	0	1	0	0	0	0	1	0	0	1	0	0	0	0	1	1	0	1	0	0	0	1	1	0	1	1	1	0	1	0	1	0	0	0	0	1	0	0	0	1	0	0	0	1	0	0	0	0	0	1	0	0	0	0	1	0	0	0	0	0	1	1	0	0	0	1	0	1	1	0	0	0	0	1	0	0	0	0	1	0	0	0	0	1	0	0	0	0	1	0	0	0	0	0	0	0	0	0	0	0	0	1	0	0	1	0	0	0	0	0	0	0	0	1	1	0	0	0	0	1	1	0	1	1	1	1	0	1	0	0	1	0	0	1	0	0	0	1	0	0	1	0	0	0	1	0	1	0	1	1	0	0	0	0	0	1	0	1	1	1
dgt	1	0	1	0	0	0	0	0	0	0	0	1	0	1	1	0	1	0	0	0	1	1	0	0	0	1	0	1	0	0	0	0	0	1	0	1	1	0	0	1	0	0	0	0	1	0	0	1	0	0	0	0	1	1	0	1	0	0	0	1	1	0	1	1	1	0	1	0	1	0	0	0	0	1	0	0	0	1	0	0	0	1	0	0	0	0	0	1	0	0	0	0	1	0	0	0	0	0	1	1	0	0	0	1	0	1	1	0	0	0	0	1	0	0	0	0	1	0	0	0	0	1	0	0	0	0	1	0	0	0	0	0	0	0	0	0	0	0	0	1	0	0	1	0	0	0	0	0	0	0	0	1	1	0	0	0	0	1	1	0	1	1	1	1	0	1	0	0	1	0	0	1	0	0	0	1	0	0	1	0	0	0	1	0	1	0	1	1	0	0	0	0	0	1	0	1	1	1
envZ	0	0	1	1	0	1	0	2	0	0	0	0	1	0	0	1	0	2	0	1	2	0	0	1	0	0	0	0	0	1	0	0	1	0	1	0	0	1	0	0	1	0	1	0	0	0	0	0	0	1	1	1	0	0	0	0	1	1	0	0	0	1	1	2	0	0	0	1	2	0	1	2	0	0	0	0	1	1	1	1	1	1	0	1	1	1	1	1	1	1	1	0	2	0	1	1	1	1	1	1	1	0	1	0	0	2	0	0	1	0	0	0	1	1	0	0	0	0	0	0	0	0	1	0	2	0	0	1	1	0	0	0	0	0	0	2	0	1	0	0	1	0	0	0	1	0	0	0	0	0	1	0	0	0	0	0	0	0	0	1	0	0	0	0	0	0	0	1	0	0	1	0	1	1	0	2	0	0	0	0	1	1	1	0	0	1	0	1	0	0	1	1	0	0	0	0	0	0
fabF	0	0	0	0	1	0	0	0	0	1	1	0	0	0	0	0	0	1	0	0	0	0	0	0	1	0	1	0	1	0	0	1	0	0	0	0	0	0	1	0	0	0	0	0	0	1	1	0	0	1	0	0	0	0	0	0	0	0	1	1	0	0	2	2	0	1	0	0	2	0	1	0	1	0	0	0	0	1	0	0	0	0	1	0	0	0	0	1	0	1	0	1	1	1	0	0	0	0	1	1	0	1	0	0	1	2	0	0	0	1	1	0	0	0	0	1	0	2	0	1	0	0	0	0	0	0	0	0	1	0	0	1	0	0	0	0	1	0	1	0	0	1	1	1	0	1	0	1	1	1	0	0	0	1	1	0	1	0	0	1	0	0	0	0	1	0	0	0	0	1	0	0	0	1	0	1	0	0	0	1	0	0	0	1	0	0	0	0	0	1	0	0	1	0	0	0	0	0
fadL	1	0	1	0	0	0	0	0	0	0	0	1	0	1	1	0	1	0	0	0	1	1	0	0	0	1	0	1	0	0	0	0	0	1	0	1	1	0	0	1	0	0	0	0	1	0	0	1	0	0	0	0	1	1	0	1	0	0	0	1	1	0	1	1	1	0	1	0	1	0	0	0	0	1	0	0	0	1	0	0	0	1	0	0	0	0	0	1	0	0	0	0	1	0	0	0	0	0	1	1	0	0	0	1	0	1	1	0	0	0	0	1	0	0	0	0	1	0	0	0	0	1	0	0	0	0	1	0	0	0	0	0	0	0	0	0	0	0	0	1	0	0	1	0	0	0	0	0	0	0	0	1	1	0	0	0	0	1	1	0	1	1	1	1	0	1	0	0	1	0	0	1	0	0	0	1	0	0	1	0	0	0	1	0	1	0	1	1	0	0	0	0	0	1	0	1	1	1
farR	0	0	1	0	0	0	0	1	0	0	0	0	0	0	0	1	0	1	0	1	1	0	0	1	0	0	0	0	0	1	0	0	0	0	1	0	0	1	0	0	1	0	1	0	0	0	0	0	0	1	0	1	0	0	0	0	1	1	0	0	0	0	1	1	0	0	0	0	1	0	1	1	0	0	0	0	0	0	0	0	0	0	0	1	1	1	0	0	1	1	0	0	1	0	0	1	0	1	1	0	1	0	0	0	0	1	0	0	1	0	0	0	0	0	0	0	0	0	0	0	0	0	1	0	1	0	0	1	1	0	0	0	0	0	0	1	0	1	0	0	0	0	0	0	1	0	0	0	0	0	1	0	0	0	0	0	0	0	0	0	0	0	0	0	0	0	0	0	0	0	0	0	0	1	0	1	0	0	0	0	0	0	0	0	0	1	0	1	0	0	1	0	0	0	0	0	0	0
feoA	0	1	0	0	0	0	1	0	1	0	0	0	0	0	0	0	0	1	1	0	1	0	1	0	0	0	0	0	0	0	1	0	0	0	0	0	0	0	0	0	0	1	0	1	0	0	0	0	1	0	0	0	0	0	1	1	0	0	0	0	0	0	0	1	0	0	0	0	1	1	0	0	0	0	1	1	0	1	0	0	1	1	0	0	0	0	0	0	0	1	0	0	1	0	0	0	0	0	0	0	0	0	0	0	0	1	0	1	0	0	0	0	0	0	1	0	0	0	1	0	1	0	0	1	1	1	0	0	0	1	1	0	1	1	1	0	0	0	1	0	0	0	0	0	0	0	1	0	1	0	0	0	0	0	0	1	0	0	0	1	0	0	0	0	0	0	1	0	0	0	0	0	0	0	1	0	1	1	0	0	0	0	0	1	0	0	0	0	1	0	0	0	0	0	1	0	0	0
fimE	0	0	1	0	0	0	0	1	0	0	0	0	0	0	0	1	0	1	0	1	1	0	0	1	0	0	0	0	0	1	0	0	0	0	1	0	0	1	0	0	1	0	1	0	0	0	0	0	0	1	0	1	0	0	0	0	1	1	0	0	0	0	1	1	0	0	0	0	1	0	1	1	0	0	0	0	0	0	0	0	0	0	0	1	1	1	0	0	1	1	0	0	1	0	0	1	0	1	1	0	1	0	0	0	0	1	0	0	1	0	0	0	0	0	0	0	0	0	0	0	0	0	1	0	1	0	0	1	1	0	0	0	0	0	0	1	0	1	0	0	0	0	0	0	1	0	0	0	0	0	1	0	0	0	0	0	0	0	0	0	0	0	0	0	0	0	0	0	0	0	0	0	0	1	0	1	0	0	0	0	0	0	0	0	0	1	0	1	0	0	1	0	0	0	0	0	0	0
flgB	0	1	0	0	0	0	1	0	1	0	0	0	0	0	0	0	0	1	1	0	1	0	1	0	0	0	0	0	0	0	1	0	0	0	0	0	0	0	0	0	0	1	0	1	0	0	0	0	1	0	0	0	0	0	1	1	0	0	0	0	0	0	0	1	0	0	0	0	1	1	0	0	0	0	1	1	0	1	0	0	1	1	0	0	0	0	0	0	0	1	0	0	1	0	0	0	0	0	0	0	0	0	0	0	0	1	0	1	0	0	0	0	0	0	1	0	0	0	1	0	1	0	0	1	1	1	0	0	0	1	1	0	1	1	1	0	0	0	1	0	0	0	0	0	0	0	1	0	1	0	0	0	0	0	0	1	0	0	0	1	0	0	0	0	0	0	1	0	0	0	0	0	0	0	1	0	1	1	0	0	0	0	0	1	0	0	0	0	1	0	0	0	0	0	1	0	0	0
flu	1	0	1	0	0	0	0	0	0	0	0	1	0	1	1	0	1	0	0	0	1	1	0	0	0	1	0	1	0	0	0	0	0	1	0	1	1	0	0	1	0	0	0	0	1	0	0	1	0	0	0	0	1	1	0	1	0	0	0	1	1	0	1	1	1	0	1	0	1	0	0	0	0	1	0	0	0	1	0	0	0	1	0	0	0	0	0	1	0	0	0	0	1	0	0	0	0	0	1	1	0	0	0	1	0	1	1	0	0	0	0	1	0	0	0	0	1	0	0	0	0	1	0	0	0	0	1	0	0	0	0	0	0	0	0	0	0	0	0	1	0	0	1	0	0	0	0	0	0	0	0	1	1	0	0	0	0	1	1	0	1	1	1	1	0	1	0	0	1	0	0	1	0	0	0	1	0	0	1	0	0	0	1	0	1	0	1	1	0	0	0	0	0	1	0	1	1	1
galF	0	0	0	0	0	0	0	0	0	0	0	0	0	0	0	0	0	0	0	0	0	0	0	0	0	0	0	0	0	0	0	0	0	0	0	0	0	0	1	0	0	0	0	0	0	1	0	0	0	0	0	0	0	0	0	0	0	0	0	0	0	0	1	1	0	0	0	0	1	0	0	0	0	0	0	0	0	0	0	0	0	0	0	0	0	0	0	0	0	1	0	0	0	0	0	0	0	0	0	0	0	0	0	0	0	1	0	0	0	1	0	0	0	0	0	0	0	1	0	1	0	0	0	0	0	0	0	0	0	0	0	1	0	0	0	0	0	0	0	0	0	0	0	0	0	0	0	0	0	0	0	0	0	0	0	0	0	0	0	0	0	0	0	0	0	0	0	0	0	0	0	0	0	0	0	1	0	0	0	0	0	0	0	0	0	0	0	0	0	0	0	0	0	0	0	0	0	0
glgC	0	0	0	0	1	0	0	0	0	1	1	0	0	0	0	0	0	1	0	0	0	0	0	0	1	0	1	0	1	0	0	1	0	0	0	0	0	0	1	0	0	0	0	0	0	0	1	0	0	1	0	0	0	0	0	0	0	0	1	1	0	0	1	1	0	1	0	0	1	0	1	0	1	0	0	0	0	1	0	0	0	0	1	0	0	0	0	1	0	0	0	1	1	1	0	0	0	0	1	1	0	1	0	0	1	1	0	0	0	0	1	0	0	0	0	1	0	1	0	0	0	0	0	0	0	0	0	0	1	0	0	0	0	0	0	0	1	0	1	0	0	1	1	1	0	1	0	1	1	1	0	0	0	1	1	0	1	0	0	1	0	0	0	0	1	0	0	0	0	1	0	0	0	1	0	0	0	0	0	1	0	0	0	1	0	0	0	0	0	1	0	0	1	0	0	0	0	0
glpF	1	0	1	0	0	0	0	0	0	0	0	1	0	1	1	0	1	0	0	0	1	1	0	0	0	1	0	1	0	0	0	0	0	1	0	1	1	0	0	1	0	0	0	0	1	0	0	1	0	0	0	0	1	1	0	1	0	0	0	1	1	0	1	1	1	0	1	0	1	0	0	0	0	1	0	0	0	1	0	0	0	1	0	0	0	0	0	1	0	0	0	0	1	0	0	0	0	0	1	1	0	0	0	1	0	1	1	0	0	0	0	1	0	0	0	0	1	0	0	0	0	1	0	0	0	0	1	0	0	0	0	0	0	0	0	0	0	0	0	1	0	0	1	0	0	0	0	0	0	0	0	1	1	0	0	0	0	1	1	0	1	1	1	1	0	1	0	0	1	0	0	1	0	0	0	1	0	0	1	0	0	0	1	0	1	0	1	1	0	0	0	0	0	1	0	1	1	1
glpG	0	1	0	0	0	0	1	0	1	0	0	0	0	0	0	0	0	1	1	0	1	0	1	0	0	0	0	0	0	0	1	0	0	0	0	0	0	0	0	0	0	1	0	1	0	0	0	0	1	0	0	0	0	0	1	1	0	0	0	0	0	0	0	1	0	0	0	0	1	1	0	0	0	0	1	1	0	1	0	0	1	1	0	0	0	0	0	0	0	1	0	0	1	0	0	0	0	0	0	0	0	0	0	0	0	1	0	1	0	0	0	0	0	0	1	0	0	0	1	0	1	0	0	1	1	1	0	0	0	1	1	0	1	1	1	0	0	0	1	0	0	0	0	0	0	0	1	0	1	0	0	0	0	0	0	1	0	0	0	1	0	0	0	0	0	0	1	0	0	0	0	0	0	0	1	0	1	1	0	0	0	0	0	1	0	0	0	0	1	0	0	0	0	0	1	0	0	0
glpR	0	0	1	0	1	0	0	1	0	1	1	0	0	0	0	1	0	2	0	1	1	0	0	1	1	0	1	0	1	1	0	1	0	0	1	0	0	1	1	0	1	0	1	0	0	0	1	0	0	1	0	1	0	0	0	0	1	1	1	1	0	0	2	2	0	1	0	0	2	0	2	1	1	0	0	0	0	1	0	0	0	0	1	1	1	1	0	1	1	1	0	1	2	1	0	1	0	1	2	1	1	1	0	0	1	2	0	0	1	0	1	0	0	0	0	1	0	1	0	0	0	0	1	0	1	0	0	1	2	0	0	0	0	0	0	1	1	1	1	0	0	1	1	1	1	1	0	1	1	1	1	0	0	1	1	0	1	0	0	1	0	0	0	0	1	0	0	0	0	1	0	0	0	2	0	1	0	0	0	1	0	0	0	1	0	1	0	1	0	1	1	0	1	0	0	0	0	0
gltA	0	0	0	1	0	1	0	1	0	0	0	0	1	0	0	0	0	1	0	0	1	0	0	0	0	0	0	0	0	0	0	0	1	0	0	0	0	1	0	0	0	0	0	0	0	0	0	0	0	0	1	0	0	0	0	0	0	0	0	0	0	1	0	1	0	0	0	1	1	0	0	1	0	0	0	0	1	1	1	1	1	1	0	0	0	0	1	1	0	0	1	0	1	0	1	0	1	0	0	1	0	0	1	0	0	1	0	0	0	0	0	0	1	1	0	0	0	0	0	0	0	0	0	0	1	0	0	0	0	0	0	0	0	0	0	1	0	0	0	0	1	0	0	0	0	0	0	0	0	0	0	0	0	0	0	0	0	0	0	1	0	0	0	0	0	0	0	1	0	0	1	0	1	0	0	1	0	0	0	0	1	1	1	0	0	0	0	0	0	0	0	1	0	0	0	0	0	0
gltB	0	0	1	0	0	0	0	1	0	0	0	0	0	0	0	1	0	1	0	1	1	0	0	1	0	0	0	0	0	1	0	0	0	0	1	0	0	1	0	0	1	0	1	0	0	0	0	0	0	1	0	1	0	0	0	0	1	1	0	0	0	0	1	1	0	0	0	0	1	0	1	1	0	0	0	0	0	0	0	0	0	0	0	1	1	1	0	0	1	1	0	0	1	0	0	1	0	1	1	0	1	0	0	0	0	1	0	0	1	0	0	0	0	0	0	0	0	0	0	0	0	0	1	0	1	0	0	1	1	0	0	0	0	0	0	1	0	1	0	0	0	0	0	0	1	0	0	0	0	0	1	0	0	0	0	0	0	0	0	0	0	0	0	0	0	0	0	0	0	0	0	0	0	1	0	1	0	0	0	0	0	0	0	0	0	1	0	1	0	0	1	0	0	0	0	0	0	0
gltS	1	0	1	0	0	0	0	0	0	0	0	1	0	1	1	0	1	0	0	0	1	1	0	0	0	1	0	1	0	0	0	0	0	1	0	1	1	0	0	1	0	0	0	0	1	0	0	1	0	0	0	0	1	1	0	1	0	0	0	1	1	0	1	1	1	0	1	0	1	0	0	0	0	1	0	0	0	1	0	0	0	1	0	0	0	0	0	1	0	0	0	0	1	0	0	0	0	0	1	1	0	0	0	1	0	1	1	0	0	0	0	1	0	0	0	0	1	0	0	0	0	1	0	0	0	0	1	0	0	0	0	0	0	0	0	0	0	0	0	1	0	0	1	0	0	0	0	0	0	0	0	1	1	0	0	0	0	1	1	0	1	1	1	1	0	1	0	0	1	0	0	1	0	0	0	1	0	0	1	0	0	0	1	0	1	0	1	1	0	0	0	0	0	1	0	1	1	1
gmhB	1	0	1	0	0	0	0	0	0	0	0	1	0	1	1	0	1	0	0	0	1	1	0	0	0	1	0	1	0	0	0	0	0	1	0	1	1	0	0	1	0	0	0	0	1	0	0	1	0	0	0	0	1	1	0	1	0	0	0	1	1	0	1	1	1	0	1	0	1	0	0	0	0	1	0	0	0	1	0	0	0	1	0	0	0	0	0	1	0	0	0	0	1	0	0	0	0	0	1	1	0	0	0	1	0	1	1	0	0	0	0	1	0	0	0	0	1	0	0	0	0	1	0	0	0	0	1	0	0	0	0	0	0	0	0	0	0	0	0	1	0	0	1	0	0	0	0	0	0	0	0	1	1	0	0	0	0	1	1	0	1	1	1	1	0	1	0	0	1	0	0	1	0	0	0	1	0	0	1	0	0	0	1	0	1	0	1	1	0	0	0	0	0	1	0	1	1	1
gudP	0	1	0	0	0	0	1	0	1	0	0	0	0	0	0	0	0	1	1	0	1	0	1	0	0	0	0	0	0	0	1	0	0	0	0	0	0	0	0	0	0	1	0	1	0	0	0	0	1	0	0	0	0	0	1	1	0	0	0	0	0	0	0	1	0	0	0	0	1	1	0	0	0	0	1	1	0	1	0	0	1	1	0	0	0	0	0	0	0	1	0	0	1	0	0	0	0	0	0	0	0	0	0	0	0	1	0	1	0	0	0	0	0	0	1	0	0	0	1	0	1	0	0	1	1	1	0	0	0	1	1	0	1	1	1	0	0	0	1	0	0	0	0	0	0	0	1	0	1	0	0	0	0	0	0	1	0	0	0	1	0	0	0	0	0	0	1	0	0	0	0	0	0	0	1	0	1	1	0	0	0	0	0	1	0	0	0	0	1	0	0	0	0	0	1	0	0	0
hcp	1	1	1	0	0	0	1	0	1	0	0	1	0	1	1	0	1	1	1	0	2	1	1	0	0	1	0	1	0	0	1	0	0	1	0	1	1	0	0	1	0	1	0	1	1	0	0	1	1	0	0	0	1	1	1	1	0	0	0	1	1	0	1	2	1	0	1	0	2	1	0	0	0	1	1	1	0	2	0	0	1	2	0	0	0	0	0	1	0	1	0	0	2	0	0	0	0	0	1	1	0	0	0	1	0	2	1	1	0	0	0	1	0	0	1	0	1	0	1	0	1	1	0	1	1	1	1	0	0	1	1	0	1	1	1	0	0	0	1	1	0	0	1	0	0	0	1	0	1	0	0	1	1	0	0	1	0	1	1	1	1	1	1	1	0	1	1	0	1	0	0	1	0	0	1	1	1	1	1	0	0	0	1	1	1	0	1	1	1	0	0	0	0	1	1	1	1	1
hemX	0	0	1	0	0	0	0	1	0	0	0	0	0	0	0	1	0	1	0	1	1	0	0	1	0	0	0	0	0	1	0	0	0	0	1	0	0	1	0	0	1	0	1	0	0	0	0	0	0	1	0	1	0	0	0	0	1	1	0	0	0	0	1	1	0	0	0	0	1	0	1	1	0	0	0	0	0	0	0	0	0	0	0	1	1	1	0	0	1	1	0	0	1	0	0	1	0	1	1	0	1	0	0	0	0	1	0	0	1	0	0	0	0	0	0	0	0	0	0	0	0	0	1	0	1	0	0	1	1	0	0	0	0	0	0	1	0	1	0	0	0	0	0	0	1	0	0	0	0	0	1	0	0	0	0	0	0	0	0	0	0	0	0	0	0	0	0	0	0	0	0	0	0	1	0	1	0	0	0	0	0	0	0	0	0	1	0	1	0	0	1	0	0	0	0	0	0	0
hepA	0	0	1	0	0	0	0	1	0	0	0	0	0	0	0	1	0	1	0	1	1	0	0	1	0	0	0	0	0	1	0	0	0	0	1	0	0	1	0	0	1	0	1	0	0	0	0	0	0	1	0	1	0	0	0	0	1	1	0	0	0	0	1	1	0	0	0	0	1	0	1	1	0	0	0	0	0	0	0	0	0	0	0	1	1	1	0	0	1	1	0	0	1	0	0	1	0	1	1	0	1	0	0	0	0	1	0	0	1	0	0	0	0	0	0	0	0	0	0	0	0	0	1	0	1	0	0	1	1	0	0	0	0	0	0	1	0	1	0	0	0	0	0	0	1	0	0	0	0	0	1	0	0	0	0	0	0	0	0	0	0	0	0	0	0	0	0	0	0	0	0	0	0	1	0	1	0	0	0	0	0	0	0	0	0	1	0	1	0	0	1	0	0	0	0	0	0	0
hisL	0	0	0	0	1	0	0	0	0	1	1	0	0	0	0	0	0	1	0	0	0	0	0	0	1	0	1	0	1	0	0	1	0	0	0	0	0	0	1	0	0	0	0	0	0	0	1	0	0	1	0	0	0	0	0	0	0	0	1	1	0	0	1	1	0	1	0	0	1	0	1	0	1	0	0	0	0	1	0	0	0	0	1	0	0	0	0	1	0	0	0	1	1	1	0	0	0	0	1	1	0	1	0	0	1	1	0	0	0	0	1	0	0	0	0	1	0	1	0	0	0	0	0	0	0	0	0	0	1	0	0	0	0	0	0	0	1	0	1	0	0	1	1	1	0	1	0	1	1	1	0	0	0	1	1	0	1	0	0	1	0	0	0	0	1	0	0	0	0	1	0	0	0	1	0	0	0	0	0	1	0	0	0	1	0	0	0	0	0	1	0	0	1	0	0	0	0	0
hokB	1	0	1	0	1	0	0	0	0	1	1	1	0	1	1	0	1	1	0	0	1	1	0	0	1	1	1	1	1	0	0	1	0	1	0	1	1	0	1	1	0	0	0	0	1	0	1	1	0	1	0	0	1	1	0	1	0	0	1	1	1	0	2	2	1	1	1	0	2	0	1	0	1	1	0	0	0	2	0	0	0	1	1	0	0	0	0	2	0	0	0	1	2	1	0	0	0	0	2	2	0	1	0	1	1	2	1	0	0	0	1	1	0	0	0	1	1	1	0	0	0	1	0	0	0	0	1	0	1	0	0	0	0	0	0	0	1	0	1	1	0	1	2	1	0	1	0	1	1	1	0	1	1	1	1	0	1	1	1	1	1	1	1	1	1	1	0	0	1	1	0	1	0	1	0	1	0	0	1	1	0	0	1	1	1	0	1	1	0	1	0	0	1	1	0	1	1	1
hokD	1	0	1	0	0	0	0	0	0	0	0	1	0	1	1	0	1	0	0	0	1	1	0	0	0	1	0	1	0	0	0	0	0	1	0	1	1	0	0	1	0	0	0	0	1	0	0	1	0	0	0	0	1	1	0	1	0	0	0	1	1	0	1	1	1	0	1	0	1	0	0	0	0	1	0	0	0	1	0	0	0	1	0	0	0	0	0	1	0	0	0	0	1	0	0	0	0	0	1	1	0	0	0	1	0	1	1	0	0	0	0	1	0	0	0	0	1	0	0	0	0	1	0	0	0	0	1	0	0	0	0	0	0	0	0	0	0	0	0	1	0	0	1	0	0	0	0	0	0	0	0	1	1	0	0	0	0	1	1	0	1	1	1	1	0	1	0	0	1	0	0	1	0	0	0	1	0	0	1	0	0	0	1	0	1	0	1	1	0	0	0	0	0	1	0	1	1	1
hpaX	0	0	0	1	0	1	0	1	0	0	0	0	1	0	0	0	0	1	0	0	1	0	0	0	0	0	0	0	0	0	0	0	1	0	0	0	0	1	0	0	0	0	0	0	0	0	0	0	0	0	1	0	0	0	0	0	0	0	0	0	0	1	0	1	0	0	0	1	1	0	0	1	0	0	0	0	1	1	1	1	1	1	0	0	0	0	1	1	0	0	1	0	1	0	1	0	1	0	0	1	0	0	1	0	0	1	0	0	0	0	0	0	1	1	0	0	0	0	0	0	0	0	0	0	1	0	0	0	0	0	0	0	0	0	0	1	0	0	0	0	1	0	0	0	0	0	0	0	0	0	0	0	0	0	0	0	0	0	0	1	0	0	0	0	0	0	0	1	0	0	1	0	1	0	0	1	0	0	0	0	1	1	1	0	0	0	0	0	0	0	0	1	0	0	0	0	0	0
hsdS	1	0	2	0	1	0	0	1	0	1	1	1	0	1	1	1	1	2	0	1	2	1	0	1	1	1	1	1	1	1	0	1	0	1	1	1	1	1	2	1	1	0	1	0	1	1	1	1	0	2	0	1	1	1	0	1	1	1	1	2	1	0	1	4	1	1	1	0	4	0	2	1	1	1	0	0	0	2	0	0	0	1	1	1	1	1	0	2	1	2	0	1	3	1	0	1	0	1	3	2	1	1	0	1	1	4	1	0	1	1	1	1	0	0	0	1	1	2	0	1	0	1	1	0	1	0	1	1	2	0	0	1	0	0	0	1	1	1	1	1	0	1	2	1	1	1	0	1	1	1	1	1	1	1	1	0	1	1	1	1	1	1	1	1	1	1	0	0	1	1	0	1	0	2	0	3	0	0	1	1	0	0	1	1	1	1	1	2	0	1	1	0	1	1	0	1	1	1
hslU	1	1	2	1	1	1	1	2	1	1	1	1	1	1	1	1	1	4	1	1	4	1	1	1	1	1	1	1	1	1	1	1	1	1	1	1	1	2	2	1	1	1	1	1	1	1	1	1	1	2	1	1	1	1	1	2	1	1	1	2	1	1	4	1	1	1	1	1	6	1	2	2	1	1	1	1	1	4	1	1	2	3	1	1	1	1	1	3	1	3	1	1	5	1	1	1	1	1	3	3	1	1	1	1	1	6	1	1	1	1	1	1	1	1	1	1	1	2	1	1	1	1	1	1	3	1	1	1	2	1	1	1	1	1	1	2	1	1	2	1	1	1	2	1	1	1	1	1	2	1	1	1	1	1	1	1	1	1	1	3	1	1	1	1	1	1	1	1	1	1	1	1	1	2	1	4	1	1	1	1	1	1	2	2	1	1	1	2	1	1	1	1	1	1	1	1	1	1
hupB	1	0	1	0	0	0	0	0	0	0	0	1	0	1	1	0	1	0	0	0	1	1	0	0	0	1	0	1	0	0	0	0	0	1	0	1	1	0	0	1	0	0	0	0	1	0	0	1	0	0	0	0	1	1	0	1	0	0	0	1	1	0	1	1	1	0	1	0	1	0	0	0	0	1	0	0	0	1	0	0	0	1	0	0	0	0	0	1	0	0	0	0	1	0	0	0	0	0	1	1	0	0	0	1	0	1	1	0	0	0	0	1	0	0	0	0	1	0	0	0	0	1	0	0	0	0	1	0	0	0	0	0	0	0	0	0	0	0	0	1	0	0	1	0	0	0	0	0	0	0	0	1	1	0	0	0	0	1	1	0	1	1	1	1	0	1	0	0	1	0	0	1	0	0	0	1	0	0	1	0	0	0	1	0	1	0	1	1	0	0	0	0	0	1	0	1	1	1
hyfA	0	0	0	0	1	0	0	0	0	1	1	0	0	0	0	0	0	1	0	0	0	0	0	0	1	0	1	0	1	0	0	1	0	0	0	0	0	0	1	0	0	0	0	0	0	0	1	0	0	1	0	0	0	0	0	0	0	0	1	1	0	0	1	1	0	1	0	0	1	0	1	0	1	0	0	0	0	1	0	0	0	0	1	0	0	0	0	1	0	0	0	1	1	1	0	0	0	0	1	1	0	1	0	0	1	1	0	0	0	0	1	0	0	0	0	1	0	1	0	0	0	0	0	0	0	0	0	0	1	0	0	0	0	0	0	0	1	0	1	0	0	1	1	1	0	1	0	1	1	1	0	0	0	1	1	0	1	0	0	1	0	0	0	0	1	0	0	0	0	1	0	0	0	1	0	0	0	0	0	1	0	0	0	1	0	0	0	0	0	1	0	0	1	0	0	0	0	0
hyfB	1	0	1	0	0	0	0	0	0	0	0	1	0	1	1	0	1	0	0	0	1	1	0	0	0	1	0	1	0	0	0	0	0	1	0	1	1	0	0	1	0	0	0	0	1	0	0	1	0	0	0	0	1	1	0	1	0	0	0	1	1	0	1	1	1	0	1	0	1	0	0	0	0	1	0	0	0	1	0	0	0	1	0	0	0	0	0	1	0	0	0	0	1	0	0	0	0	0	1	1	0	0	0	1	0	1	1	0	0	0	0	1	0	0	0	0	1	0	0	0	0	1	0	0	0	0	1	0	0	0	0	0	0	0	0	0	0	0	0	1	0	0	1	0	0	0	0	0	0	0	0	1	1	0	0	0	0	1	1	0	1	1	1	1	0	1	0	0	1	0	0	1	0	0	0	1	0	0	1	0	0	0	1	0	1	0	1	1	0	0	0	0	0	1	0	1	1	1
iap	0	0	0	1	0	1	0	1	0	0	0	0	1	0	0	0	0	1	0	0	1	0	0	0	0	0	0	0	0	0	0	0	1	0	0	0	0	1	0	0	0	0	0	0	0	0	0	0	0	0	1	0	0	0	0	0	0	0	0	0	0	1	0	1	0	0	0	1	1	0	0	1	0	0	0	0	1	1	1	1	1	1	0	0	0	0	1	1	0	0	1	0	1	0	1	0	1	0	0	1	0	0	1	0	0	1	0	0	0	0	0	0	1	1	0	0	0	0	0	0	0	0	0	0	1	0	0	0	0	0	0	0	0	0	0	1	0	0	0	0	1	0	0	0	0	0	0	0	0	0	0	0	0	0	0	0	0	0	0	1	0	0	0	0	0	0	0	1	0	0	1	0	1	0	0	1	0	0	0	0	1	1	1	0	0	0	0	0	0	0	0	1	0	0	0	0	0	0
iclR	1	1	2	1	1	1	1	2	1	1	1	1	1	1	1	1	1	4	1	1	4	1	1	1	1	1	1	1	1	1	1	1	1	1	1	1	1	2	2	1	1	1	1	1	1	1	1	1	1	2	1	1	1	1	1	2	1	1	1	2	1	1	4	6	1	1	1	1	1	1	2	2	1	1	1	1	1	4	1	1	2	3	1	1	1	1	1	3	1	3	1	1	5	1	1	1	1	1	3	3	1	1	1	1	1	6	1	1	1	1	1	1	1	1	1	1	1	2	1	1	1	1	1	1	3	1	1	1	2	1	1	1	1	1	1	2	1	1	2	1	1	1	2	1	1	1	1	1	2	1	1	1	1	1	1	1	1	1	1	3	1	1	1	1	1	1	1	1	1	1	1	1	1	2	1	4	1	1	1	1	1	1	2	2	1	1	1	2	1	1	1	1	1	1	1	1	1	1
ilvL	0	1	0	0	0	0	1	0	1	0	0	0	0	0	0	0	0	1	1	0	1	0	1	0	0	0	0	0	0	0	1	0	0	0	0	0	0	0	0	0	0	1	0	1	0	0	0	0	1	0	0	0	0	0	1	1	0	0	0	0	0	0	0	1	0	0	0	0	1	1	0	0	0	0	1	1	0	1	0	0	1	1	0	0	0	0	0	0	0	1	0	0	1	0	0	0	0	0	0	0	0	0	0	0	0	1	0	1	0	0	0	0	0	0	1	0	0	0	1	0	1	0	0	1	1	1	0	0	0	1	1	0	1	1	1	0	0	0	1	0	0	0	0	0	0	0	1	0	1	0	0	0	0	0	0	1	0	0	0	1	0	0	0	0	0	0	1	0	0	0	0	0	0	0	1	0	1	1	0	0	0	0	0	1	0	0	0	0	1	0	0	0	0	0	1	0	0	0
infB	0	0	1	0	1	0	0	1	0	1	1	0	0	0	0	1	0	2	0	1	1	0	0	1	1	0	1	0	1	1	0	1	0	0	1	0	0	1	1	0	1	0	1	0	0	0	1	0	0	2	0	1	0	0	0	0	1	1	1	1	0	0	2	2	0	1	0	0	2	0	1	1	1	0	0	0	0	1	0	0	0	0	1	1	1	1	0	1	1	1	0	1	2	1	0	1	0	1	2	1	1	1	0	0	1	2	0	0	1	0	1	0	0	0	0	1	0	1	0	0	0	0	1	0	1	0	0	1	2	0	0	0	0	0	0	1	1	1	1	0	0	1	1	1	1	1	0	1	1	1	1	0	0	1	1	0	1	0	0	1	0	0	0	0	1	0	0	0	0	1	0	0	0	2	0	1	0	0	0	1	0	0	0	1	0	1	0	1	0	1	1	0	1	0	0	0	0	0
infC	0	0	1	1	0	1	0	2	0	0	0	0	1	0	0	1	0	2	0	1	2	0	0	1	0	0	0	0	0	1	0	0	1	0	1	0	0	2	0	0	1	0	1	0	0	0	0	0	0	1	1	1	0	0	0	0	1	1	0	0	0	1	1	2	0	0	0	1	2	0	1	1	0	0	0	0	1	1	1	1	1	1	0	1	1	1	1	1	1	1	1	0	2	0	1	1	1	1	1	1	1	0	1	0	0	2	0	0	1	0	0	0	1	1	0	0	0	0	0	0	0	0	1	0	2	0	0	1	1	0	0	0	0	0	0	2	0	1	0	0	1	0	0	0	1	0	0	0	0	0	1	0	0	0	0	0	0	0	0	1	0	0	0	0	0	0	0	1	0	0	1	0	1	1	0	2	0	0	0	0	1	1	1	0	0	1	0	1	0	0	1	1	0	0	0	0	0	0
iscR	0	0	0	0	1	0	0	0	0	1	1	0	0	0	0	0	0	1	0	0	0	0	0	0	1	0	1	0	1	0	0	1	0	0	0	0	0	0	1	0	0	0	0	0	0	0	1	0	0	1	0	0	0	0	0	0	0	0	1	1	0	0	1	1	0	1	0	0	1	0	1	0	1	0	0	0	0	1	0	0	0	0	1	0	0	0	0	1	0	0	0	1	1	1	0	0	0	0	1	1	0	1	0	0	1	1	0	0	0	0	1	0	0	0	0	1	0	1	0	0	0	0	0	0	0	0	0	0	1	0	0	0	0	0	0	0	1	0	1	0	0	1	1	1	0	1	0	1	1	1	0	0	0	1	1	0	1	0	0	1	0	0	0	0	1	0	0	0	0	1	0	0	0	1	0	0	0	0	0	1	0	0	0	1	0	0	0	0	0	1	0	0	1	0	0	0	0	0
lacZ	1	0	1	0	0	0	0	0	0	0	0	1	0	1	1	0	1	0	0	0	1	1	0	0	0	1	0	1	0	0	0	0	0	1	0	1	1	0	0	1	0	0	0	0	1	0	0	1	0	0	0	0	1	1	0	1	0	0	0	1	1	0	1	1	1	0	1	0	1	0	0	0	0	1	0	0	0	1	0	0	0	1	0	0	0	0	0	1	0	0	0	0	1	0	0	0	0	0	1	1	0	0	0	1	0	1	1	0	0	0	0	1	0	0	0	0	1	0	0	0	0	1	0	0	0	0	1	0	0	0	0	0	0	0	0	0	0	0	0	1	0	0	1	0	0	0	0	0	0	0	0	1	1	0	0	0	0	1	1	0	1	1	1	1	0	1	0	0	1	0	0	1	0	0	0	1	0	0	1	0	0	0	1	0	1	0	1	1	0	0	0	0	0	1	0	1	1	1
lon	0	1	0	0	0	0	1	0	1	0	0	0	0	0	0	0	0	1	1	0	1	0	1	0	0	0	0	0	0	0	1	0	0	0	0	0	0	0	0	0	0	1	0	1	0	0	0	0	1	0	0	0	0	0	1	1	0	0	0	0	0	0	0	1	0	0	0	0	1	1	0	0	0	0	1	1	0	1	0	0	1	1	0	0	0	0	0	0	0	1	0	0	1	0	0	0	0	0	0	0	0	0	0	0	0	1	0	1	0	0	0	0	0	0	1	0	0	0	1	0	1	0	0	1	1	1	0	0	0	1	1	0	1	1	1	0	0	0	1	0	0	0	0	0	0	0	1	0	1	0	0	0	0	0	0	1	0	0	0	1	0	0	0	0	0	0	1	0	0	0	0	0	0	0	1	0	1	1	0	0	0	0	0	1	0	0	0	0	1	0	0	0	0	0	1	0	0	0
lrp	0	1	0	0	0	0	1	0	1	0	0	0	0	0	0	0	0	1	1	0	1	0	1	0	0	0	0	0	0	0	1	0	0	0	0	0	0	0	0	0	0	1	0	1	0	0	0	0	1	0	0	0	0	0	1	1	0	0	0	0	0	0	0	1	0	0	0	0	1	1	0	0	0	0	1	1	0	1	0	0	1	1	0	0	0	0	0	0	0	1	0	0	1	0	0	0	0	0	0	0	0	0	0	0	0	1	0	1	0	0	0	0	0	0	1	0	0	0	1	0	1	0	0	1	1	1	0	0	0	1	1	0	1	1	1	0	0	0	1	0	0	0	0	0	0	0	1	0	1	0	0	0	0	0	0	1	0	0	0	1	0	0	0	0	0	0	1	0	0	0	0	0	0	0	1	0	1	1	0	0	0	0	0	1	0	0	0	0	1	0	0	0	0	0	1	0	0	0
maeB	0	0	0	1	0	1	0	1	0	0	0	0	1	0	0	0	0	1	0	0	1	0	0	0	0	0	0	0	0	0	0	0	1	0	0	0	0	1	0	0	0	0	0	0	0	0	0	0	0	0	1	0	0	0	0	0	0	0	0	0	0	1	0	1	0	0	0	1	1	0	0	1	0	0	0	0	1	1	1	1	1	1	0	0	0	0	1	1	0	0	1	0	1	0	1	0	1	0	0	1	0	0	1	0	0	1	0	0	0	0	0	0	1	1	0	0	0	0	0	0	0	0	0	0	1	0	0	0	0	0	0	0	0	0	0	1	0	0	0	0	1	0	0	0	0	0	0	0	0	0	0	0	0	0	0	0	0	0	0	1	0	0	0	0	0	0	0	1	0	0	1	0	1	0	0	1	0	0	0	0	1	1	1	0	0	0	0	0	0	0	0	1	0	0	0	0	0	0
malT	1	1	1	1	1	1	1	1	1	1	1	1	1	1	1	0	1	3	1	0	3	1	1	0	1	1	1	1	1	0	1	1	1	1	0	1	1	1	1	1	0	1	0	1	1	0	1	1	1	1	1	0	1	1	1	2	0	0	1	2	1	1	2	4	1	1	1	1	4	1	1	1	1	1	1	1	1	1	1	1	2	3	1	0	0	0	1	3	0	1	1	1	4	1	1	0	1	0	2	3	0	1	1	1	1	4	1	1	0	0	1	1	1	1	1	1	1	1	1	0	1	1	0	1	2	1	1	0	1	1	1	0	1	1	1	1	1	0	2	1	1	1	2	1	0	1	1	1	2	1	0	1	1	1	1	1	1	1	1	3	1	1	1	1	1	1	1	1	1	1	1	1	1	1	1	2	1	1	1	1	1	1	2	2	1	0	1	1	1	1	0	1	1	1	1	1	1	1
manC	0	0	0	1	0	1	0	1	0	0	0	0	1	0	0	0	0	1	0	0	1	0	0	0	0	0	0	0	0	0	0	0	1	0	0	0	0	1	0	0	0	0	0	0	0	0	0	0	0	0	1	0	0	0	0	0	0	0	0	0	0	1	0	1	0	0	0	1	1	0	0	1	0	0	0	0	1	1	1	1	1	1	0	0	0	0	1	1	0	0	1	0	1	0	1	0	1	0	0	1	0	0	1	0	0	1	0	0	0	0	0	0	1	1	0	0	0	0	0	0	0	0	0	0	1	0	0	0	0	0	0	0	0	0	0	1	0	0	0	0	1	0	0	0	0	0	0	0	0	0	0	0	0	0	0	0	0	0	0	1	0	0	0	0	0	0	0	1	0	0	1	0	1	0	0	1	0	0	0	0	1	1	1	0	0	0	0	0	0	0	0	1	0	0	0	0	0	0
manY	0	0	0	1	0	1	0	1	0	0	0	0	1	0	0	0	0	1	0	0	1	0	0	0	0	0	0	0	0	0	0	0	1	0	0	0	0	1	0	0	0	0	0	0	0	0	0	0	0	0	1	0	0	0	0	0	0	0	0	0	0	1	0	1	0	0	0	1	1	0	0	1	0	0	0	0	1	1	1	1	1	1	0	0	0	0	1	1	0	0	1	0	1	0	1	0	1	0	0	1	0	0	1	0	0	1	0	0	0	0	0	0	1	1	0	0	0	0	0	0	0	0	0	0	1	0	0	0	0	0	0	0	0	0	0	1	0	0	0	0	1	0	0	0	0	0	0	0	0	0	0	0	0	0	0	0	0	0	0	1	0	0	0	0	0	0	0	1	0	0	1	0	1	0	0	1	0	0	0	0	1	1	1	0	0	0	0	0	0	0	0	1	0	0	0	0	0	0
menC	0	1	0	1	0	1	1	1	1	0	0	0	1	0	0	0	0	2	1	0	2	0	1	0	0	0	0	0	0	0	1	0	1	0	0	0	0	1	0	0	0	1	0	1	0	0	0	0	1	0	1	0	0	0	1	1	0	0	0	0	0	1	0	2	0	0	0	1	2	1	0	1	0	0	1	1	1	2	1	1	1	2	0	0	0	0	1	1	0	1	1	0	2	0	1	0	1	0	0	1	0	0	1	0	0	2	0	1	0	0	0	0	1	1	1	0	0	0	1	0	1	0	0	1	2	1	0	0	0	1	1	0	1	1	1	1	0	0	1	0	1	0	0	0	0	0	1	0	1	0	0	0	0	0	0	1	0	0	0	2	0	0	0	0	0	0	1	1	0	0	1	0	1	0	1	1	1	1	0	0	1	1	1	1	0	0	0	0	1	0	0	1	0	0	1	0	0	0
metH	1	1	1	1	0	1	1	1	1	0	0	1	1	1	1	0	1	2	1	0	3	1	1	0	0	1	0	1	0	0	1	0	1	1	0	1	1	1	0	1	0	1	0	1	1	0	0	1	1	0	1	0	1	1	1	2	0	0	0	1	1	1	1	3	1	0	1	1	3	1	0	1	0	1	1	1	1	3	1	1	2	1	0	0	0	0	1	2	0	1	1	0	3	0	1	0	1	0	1	2	0	0	1	1	0	3	1	1	0	0	0	1	1	1	1	0	1	0	1	0	1	1	0	1	2	1	1	0	0	1	1	0	1	1	1	1	0	0	1	1	1	0	1	0	0	0	1	0	1	0	0	1	1	0	0	1	0	1	1	2	1	1	1	1	0	1	1	1	1	0	1	1	1	0	1	2	1	1	1	0	1	1	2	1	1	0	1	1	1	0	0	1	0	1	1	1	1	1
metJ	0	0	0	0	1	0	0	0	0	1	1	0	0	0	0	0	0	1	0	0	0	0	0	0	1	0	1	0	1	0	0	1	0	0	0	0	0	0	1	0	0	0	0	0	0	0	1	0	0	1	0	0	0	0	0	0	0	0	1	1	0	0	1	1	0	1	0	0	1	0	1	0	1	0	0	0	0	1	0	0	0	0	1	0	0	0	0	1	0	0	0	1	1	1	0	0	0	0	1	1	0	1	0	0	1	1	0	0	0	0	1	0	0	0	0	1	0	1	0	0	0	0	0	0	0	0	0	0	1	0	0	0	0	0	0	0	1	0	1	0	0	1	1	1	0	1	0	1	1	1	0	0	0	1	1	0	1	0	0	1	0	0	0	0	1	0	0	0	0	1	0	0	0	1	0	0	0	0	0	1	0	0	0	1	0	0	0	0	0	1	0	0	1	0	0	0	0	0
metR	0	0	1	0	0	0	0	1	0	0	0	0	0	0	0	1	0	1	0	1	1	0	0	1	0	0	0	0	0	1	0	0	0	0	1	0	0	1	0	0	1	0	1	0	0	0	0	0	0	1	0	1	0	0	0	0	1	1	0	0	0	0	1	1	0	0	0	0	1	0	1	1	0	0	0	0	0	0	0	0	0	0	0	1	1	1	0	0	1	1	0	0	1	0	0	1	0	1	1	0	1	0	0	0	0	1	0	0	1	0	0	0	0	0	0	0	0	0	0	0	0	0	1	0	1	0	0	1	1	0	0	0	0	0	0	1	0	1	0	0	0	0	0	0	1	0	0	0	0	0	1	0	0	0	0	0	0	0	0	0	0	0	0	0	0	0	0	0	0	0	0	0	0	1	0	1	0	0	0	0	0	0	0	0	0	1	0	1	0	0	1	0	0	0	0	0	0	0
mhpR	0	0	1	0	0	0	0	1	0	0	0	0	0	0	0	1	0	1	0	1	1	0	0	1	0	0	0	0	0	1	0	0	0	0	1	0	0	1	0	0	1	0	1	0	0	0	0	0	0	1	0	1	0	0	0	0	1	1	0	0	0	0	1	1	0	0	0	0	1	0	1	1	0	0	0	0	0	0	0	0	0	0	0	1	1	1	0	0	1	1	0	0	1	0	0	1	0	1	1	0	1	0	0	0	0	1	0	0	1	0	0	0	0	0	0	0	0	0	0	0	0	0	1	0	1	0	0	1	1	0	0	0	0	0	0	1	0	1	0	0	0	0	0	0	1	0	0	0	0	0	1	0	0	0	0	0	0	0	0	0	0	0	0	0	0	0	0	0	0	0	0	0	0	1	0	1	0	0	0	0	0	0	0	0	0	1	0	1	0	0	1	0	0	0	0	0	0	0
mntH	0	0	1	0	0	0	0	1	0	0	0	0	0	0	0	1	0	1	0	1	1	0	0	1	0	0	0	0	0	1	0	0	0	0	1	0	0	1	0	0	1	0	1	0	0	0	0	0	0	1	0	1	0	0	0	0	1	1	0	0	0	0	1	1	0	0	0	0	1	0	1	1	0	0	0	0	0	0	0	0	0	0	0	1	1	1	0	0	1	1	0	0	1	0	0	1	0	1	1	0	1	0	0	0	0	1	0	0	1	0	0	0	0	0	0	0	0	0	0	0	0	0	1	0	1	0	0	1	1	0	0	0	0	0	0	1	0	1	0	0	0	0	0	0	1	0	0	0	0	0	1	0	0	0	0	0	0	0	0	0	0	0	0	0	0	0	0	0	0	0	0	0	0	1	0	1	0	0	0	0	0	0	0	0	0	1	0	1	0	0	1	0	0	0	0	0	0	0
mokB	0	0	0	1	0	1	0	1	0	0	0	0	1	0	0	0	0	1	0	0	1	0	0	0	0	0	0	0	0	0	0	0	1	0	0	0	0	1	0	0	0	0	0	0	0	0	0	0	0	0	1	0	0	0	0	0	0	0	0	0	0	1	0	1	0	0	0	1	1	0	0	1	0	0	0	0	1	1	1	1	1	1	0	0	0	0	1	1	0	0	1	0	1	0	1	0	1	0	0	1	0	0	1	0	0	1	0	0	0	0	0	0	1	1	0	0	0	0	0	0	0	0	0	0	1	0	0	0	0	0	0	0	0	0	0	1	0	0	0	0	1	0	0	0	0	0	0	0	0	0	0	0	0	0	0	0	0	0	0	1	0	0	0	0	0	0	0	1	0	0	1	0	1	0	0	1	0	0	0	0	1	1	1	0	0	0	0	0	0	0	0	1	0	0	0	0	0	0
mokC	1	0	1	1	1	1	0	1	0	1	1	1	1	1	1	0	1	2	0	0	2	1	0	0	1	1	1	1	1	0	0	1	1	1	0	1	1	1	1	1	0	0	0	0	1	0	1	1	0	1	1	0	1	1	0	1	0	0	1	2	1	1	2	3	1	1	1	1	3	0	1	1	1	1	0	0	1	3	1	1	1	2	1	0	0	0	1	1	0	0	1	1	3	1	1	0	1	0	2	3	0	1	1	1	1	3	1	0	0	0	1	1	1	1	0	1	1	1	0	0	0	1	0	0	1	0	1	0	1	0	0	0	0	0	0	1	1	0	1	1	1	1	2	1	0	1	0	1	1	1	0	1	1	1	1	0	1	1	1	2	1	1	1	1	1	1	0	1	1	1	1	1	1	1	0	2	0	0	1	1	1	1	2	1	1	0	1	1	0	1	0	1	1	1	0	1	1	1
mqo	0	0	1	0	0	0	0	1	0	0	0	0	0	0	0	1	0	1	0	1	1	0	0	1	0	0	0	0	0	1	0	0	0	0	1	0	0	1	0	0	1	0	1	0	0	0	0	0	0	1	0	1	0	0	0	0	1	1	0	0	0	0	1	1	0	0	0	0	1	0	1	1	0	0	0	0	0	0	0	0	0	0	0	1	1	1	0	0	1	1	0	0	1	0	0	1	0	1	1	0	1	0	0	0	0	1	0	0	1	0	0	0	0	0	0	0	0	0	0	0	0	0	1	0	1	0	0	1	1	0	0	0	0	0	0	1	0	1	0	0	0	0	0	0	1	0	0	0	0	0	1	0	0	0	0	0	0	0	0	0	0	0	0	0	0	0	0	0	0	0	0	0	0	1	0	1	0	0	0	0	0	0	0	0	0	1	0	1	0	0	1	0	0	0	0	0	0	0
mreB	0	1	1	0	0	0	1	1	1	0	0	0	0	0	0	1	0	2	1	1	2	0	1	1	0	0	0	0	0	1	1	0	0	0	1	0	0	1	1	0	1	1	1	1	0	1	0	0	1	1	0	1	0	0	1	1	1	1	0	0	0	0	2	3	0	0	0	0	3	1	1	1	0	0	1	1	0	1	0	0	1	1	0	1	1	1	0	0	1	1	0	0	2	0	0	1	0	1	1	0	1	0	0	0	0	3	0	1	1	1	0	0	0	0	1	0	0	1	1	1	1	0	1	1	2	1	0	1	1	1	1	1	1	1	1	1	0	1	1	0	0	0	0	0	1	0	1	0	1	0	1	0	0	0	0	1	0	0	0	1	0	0	0	0	0	0	1	0	0	0	0	0	0	1	1	2	1	1	0	0	0	0	0	1	0	1	0	1	1	0	1	0	0	0	1	0	0	0
mreC	0	0	0	1	0	1	0	1	0	0	0	0	1	0	0	0	0	1	0	0	1	0	0	0	0	0	0	0	0	0	0	0	1	0	0	0	0	1	0	0	0	0	0	0	0	0	0	0	0	0	1	0	0	0	0	0	0	0	0	0	0	1	0	1	0	0	0	1	1	0	0	1	0	0	0	0	1	1	1	1	1	1	0	0	0	0	1	1	0	0	1	0	1	0	1	0	1	0	0	1	0	0	1	0	0	1	0	0	0	0	0	0	1	1	0	0	0	0	0	0	0	0	0	0	1	0	0	0	0	0	0	0	0	0	0	1	0	0	0	0	1	0	0	0	0	0	0	0	0	0	0	0	0	0	0	0	0	0	0	1	0	0	0	0	0	0	0	1	0	0	1	0	1	0	0	1	0	0	0	0	1	1	1	0	0	0	0	0	0	0	0	1	0	0	0	0	0	0
mtlD	0	0	0	0	1	0	0	0	0	1	1	0	0	0	0	0	0	1	0	0	0	0	0	0	1	0	1	0	1	0	0	1	0	0	0	0	0	0	1	0	0	0	0	0	0	0	1	0	0	1	0	0	0	0	0	0	0	0	1	1	0	0	1	1	0	1	0	0	1	0	1	0	1	0	0	0	0	1	0	0	0	0	1	0	0	0	0	1	0	0	0	1	1	1	0	0	0	0	1	1	0	1	0	0	1	1	0	0	0	0	1	0	0	0	0	1	0	1	0	0	0	0	0	0	0	0	0	0	1	0	0	0	0	0	0	0	1	0	1	0	0	1	1	1	0	1	0	1	1	1	0	0	0	1	1	0	1	0	0	1	0	0	0	0	1	0	0	0	0	1	0	0	0	1	0	0	0	0	0	1	0	0	0	1	0	0	0	0	0	1	0	0	1	0	0	0	0	0
nadR	1	1	2	1	1	1	1	2	1	1	1	1	1	1	1	1	1	4	1	1	4	1	1	1	1	1	1	1	1	1	1	1	1	1	1	1	1	2	1	1	1	1	1	1	1	0	1	1	1	2	1	1	1	1	1	2	1	1	1	2	1	1	3	5	1	1	1	1	5	1	2	2	1	1	1	1	1	4	1	1	2	3	1	1	1	1	1	3	1	2	1	1	1	1	1	1	1	1	3	3	1	1	1	1	1	5	1	1	1	0	1	1	1	1	1	1	1	1	1	0	1	1	1	1	3	1	1	1	2	1	1	0	1	1	1	2	1	1	2	1	1	1	2	1	1	1	1	1	2	1	1	1	1	1	1	1	1	1	1	3	1	1	1	1	1	1	1	1	1	1	1	1	1	2	1	3	1	1	1	1	1	1	2	2	1	1	1	2	1	1	1	1	1	1	1	1	1	1
narH	0	0	0	0	1	0	0	0	0	1	1	0	0	0	0	0	0	1	0	0	0	0	0	0	1	0	1	0	1	0	0	1	0	0	0	0	0	0	1	0	0	0	0	0	0	0	1	0	0	1	0	0	0	0	0	0	0	0	1	1	0	0	1	1	0	1	0	0	1	0	1	0	1	0	0	0	0	1	0	0	0	0	1	0	0	0	0	1	0	0	0	1	1	1	0	0	0	0	1	1	0	1	0	0	1	1	0	0	0	0	1	0	0	0	0	1	0	1	0	0	0	0	0	0	0	0	0	0	1	0	0	0	0	0	0	0	1	0	1	0	0	1	1	1	0	1	0	1	1	1	0	0	0	1	1	0	1	0	0	1	0	0	0	0	1	0	0	0	0	1	0	0	0	1	0	0	0	0	0	1	0	0	0	1	0	0	0	0	0	1	0	0	1	0	0	0	0	0
narZ	0	0	0	1	0	1	0	1	0	0	0	0	1	0	0	0	0	1	0	0	1	0	0	0	0	0	0	0	0	0	0	0	1	0	0	0	0	1	0	0	0	0	0	0	0	0	0	0	0	0	1	0	0	0	0	0	0	0	0	0	0	1	0	1	0	0	0	1	1	0	0	1	0	0	0	0	1	1	1	1	1	1	0	0	0	0	1	1	0	0	1	0	1	0	1	0	1	0	0	1	0	0	1	0	0	1	0	0	0	0	0	0	1	1	0	0	0	0	0	0	0	0	0	0	1	0	0	0	0	0	0	0	0	0	0	1	0	0	0	0	1	0	0	0	0	0	0	0	0	0	0	0	0	0	0	0	0	0	0	1	0	0	0	0	0	0	0	1	0	0	1	0	1	0	0	1	0	0	0	0	1	1	1	0	0	0	0	0	0	0	0	1	0	0	0	0	0	0
nudC	0	0	1	0	0	0	0	1	0	0	0	0	0	0	0	1	0	1	0	1	1	0	0	1	0	0	0	0	0	1	0	0	0	0	1	0	0	1	0	0	1	0	1	0	0	0	0	0	0	1	0	1	0	0	0	0	1	1	0	0	0	0	1	1	0	0	0	0	1	0	1	1	0	0	0	0	0	0	0	0	0	0	0	1	1	1	0	0	1	1	0	0	1	0	0	1	0	1	1	0	1	0	0	0	0	1	0	0	1	0	0	0	0	0	0	0	0	0	0	0	0	0	1	0	1	0	0	1	1	0	0	0	0	0	0	1	0	1	0	0	0	0	0	0	1	0	0	0	0	0	1	0	0	0	0	0	0	0	0	0	0	0	0	0	0	0	0	0	0	0	0	0	0	1	0	1	0	0	0	0	0	0	0	0	0	1	0	1	0	0	1	0	0	0	0	0	0	0
oppD	0	0	0	1	0	1	0	1	0	0	0	0	1	0	0	0	0	1	0	0	1	0	0	0	0	0	0	0	0	0	0	0	1	0	0	0	0	1	0	0	0	0	0	0	0	0	0	0	0	0	1	0	0	0	0	0	0	0	0	0	0	1	0	1	0	0	0	1	1	0	0	1	0	0	0	0	1	1	1	1	1	1	0	0	0	0	1	1	0	0	1	0	1	0	1	0	1	0	0	1	0	0	1	0	0	1	0	0	0	0	0	0	1	1	0	0	0	0	0	0	0	0	0	0	1	0	0	0	0	0	0	0	0	0	0	1	0	0	0	0	1	0	0	0	0	0	0	0	0	0	0	0	0	0	0	0	0	0	0	1	0	0	0	0	0	0	0	1	0	0	1	0	1	0	0	1	0	0	0	0	1	1	1	0	0	0	0	0	0	0	0	1	0	0	0	0	0	0
pbpC	0	0	1	0	0	0	0	1	0	0	0	0	0	0	0	1	0	1	0	1	1	0	0	1	0	0	0	0	0	1	0	0	0	0	1	0	0	1	0	0	1	0	1	0	0	0	0	0	0	1	0	1	0	0	0	0	1	1	0	0	0	0	1	1	0	0	0	0	1	0	1	1	0	0	0	0	0	0	0	0	0	0	0	1	1	1	0	0	1	1	0	0	1	0	0	1	0	1	1	0	1	0	0	0	0	1	0	0	1	0	0	0	0	0	0	0	0	0	0	0	0	0	1	0	1	0	0	1	1	0	0	0	0	0	0	1	0	1	0	0	0	0	0	0	1	0	0	0	0	0	1	0	0	0	0	0	0	0	0	0	0	0	0	0	0	0	0	0	0	0	0	0	0	1	0	1	0	0	0	0	0	0	0	0	0	1	0	1	0	0	1	0	0	0	0	0	0	0
pflB	1	0	2	0	1	0	0	1	0	1	1	1	0	1	1	1	1	2	0	1	2	1	0	1	1	1	1	1	1	1	0	1	0	1	1	1	1	1	1	1	1	0	1	0	1	0	1	1	0	2	0	1	1	1	0	1	1	1	1	2	1	0	3	3	1	1	1	0	3	0	2	1	1	1	0	0	0	2	0	0	0	1	1	1	1	1	0	2	1	1	0	1	3	1	0	1	0	1	1	2	1	1	0	1	1	3	1	0	1	0	1	1	0	0	0	1	1	1	0	0	0	1	1	0	1	0	1	1	2	0	0	0	0	0	0	1	1	1	1	1	0	1	2	1	1	1	0	1	1	1	1	1	1	1	1	0	1	1	1	1	1	1	1	1	1	1	0	0	1	1	0	1	0	2	0	2	0	0	1	1	0	0	1	1	1	1	1	2	0	1	1	0	1	1	0	1	1	1
phoH	1	0	1	1	1	1	0	1	0	1	1	1	1	1	1	0	1	2	0	0	2	1	0	0	1	1	1	1	1	0	0	1	1	1	0	1	1	1	1	1	0	0	0	0	1	0	1	1	0	1	1	0	1	1	0	1	0	0	1	2	1	1	2	3	1	1	1	1	3	0	1	1	1	1	0	0	1	3	1	1	1	2	1	0	0	0	1	3	0	0	1	1	3	1	1	0	1	0	2	1	0	1	1	1	1	3	1	0	0	0	1	1	1	1	0	1	1	1	0	0	0	1	0	0	1	0	1	0	1	0	0	0	0	0	0	1	1	0	1	1	1	1	2	1	0	1	0	1	1	1	0	1	1	1	1	0	1	1	1	2	1	1	1	1	1	1	0	1	1	1	1	1	1	1	0	2	0	0	1	1	1	1	2	1	1	0	1	1	0	1	0	1	1	1	0	1	1	1
phoR	0	0	1	0	0	0	0	1	0	0	0	0	0	0	0	1	0	1	0	1	1	0	0	1	0	0	0	0	0	1	0	0	0	0	1	0	0	1	0	0	1	0	1	0	0	0	0	0	0	1	0	1	0	0	0	0	1	1	0	0	0	0	1	1	0	0	0	0	1	0	1	1	0	0	0	0	0	0	0	0	0	0	0	1	1	1	0	0	1	1	0	0	1	0	0	1	0	1	1	0	1	0	0	0	0	1	0	0	1	0	0	0	0	0	0	0	0	0	0	0	0	0	1	0	1	0	0	1	1	0	0	0	0	0	0	1	0	1	0	0	0	0	0	0	1	0	0	0	0	0	1	0	0	0	0	0	0	0	0	0	0	0	0	0	0	0	0	0	0	0	0	0	0	1	0	1	0	0	0	0	0	0	0	0	0	1	0	1	0	0	1	0	0	0	0	0	0	0
plsB	0	0	0	0	1	0	0	0	0	1	1	0	0	0	0	0	0	1	0	0	0	0	0	0	1	0	1	0	1	0	0	1	0	0	0	0	0	0	1	0	0	0	0	0	0	0	1	0	0	1	0	0	0	0	0	0	0	0	1	1	0	0	1	1	0	1	0	0	1	0	1	0	1	0	0	0	0	1	0	0	0	0	1	0	0	0	0	1	0	0	0	1	1	1	0	0	0	0	1	1	0	1	0	0	1	1	0	0	0	0	1	0	0	0	0	1	0	1	0	0	0	0	0	0	0	0	0	0	1	0	0	0	0	0	0	0	1	0	1	0	0	1	1	1	0	1	0	1	1	1	0	0	0	1	1	0	1	0	0	1	0	0	0	0	1	0	0	0	0	1	0	0	0	1	0	0	0	0	0	1	0	0	0	1	0	0	0	0	0	1	0	0	1	0	0	0	0	0
prlA	0	0	0	1	0	1	0	1	0	0	0	0	1	0	0	0	0	1	0	0	1	0	0	0	0	0	0	0	0	0	0	0	1	0	0	0	0	1	0	0	0	0	0	0	0	0	0	0	0	0	1	0	0	0	0	0	0	0	0	0	0	1	0	1	0	0	0	1	1	0	0	1	0	0	0	0	1	1	1	1	1	1	0	0	0	0	1	1	0	0	1	0	1	0	1	0	1	0	0	1	0	0	1	0	0	1	0	0	0	0	0	0	1	1	0	0	0	0	0	0	0	0	0	0	1	0	0	0	0	0	0	0	0	0	0	1	0	0	0	0	1	0	0	0	0	0	0	0	0	0	0	0	0	0	0	0	0	0	0	1	0	0	0	0	0	0	0	1	0	0	1	0	1	0	0	1	0	0	0	0	1	1	1	0	0	0	0	0	0	0	0	1	0	0	0	0	0	0
proX	1	0	1	0	0	0	0	0	0	0	0	1	0	1	1	0	1	0	0	0	1	1	0	0	0	1	0	1	0	0	0	0	0	1	0	1	1	0	0	1	0	0	0	0	1	0	0	1	0	0	0	0	1	1	0	1	0	0	0	1	1	0	1	1	1	0	1	0	1	0	0	0	0	1	0	0	0	1	0	0	0	1	0	0	0	0	0	1	0	0	0	0	1	0	0	0	0	0	1	1	0	0	0	1	0	1	1	0	0	0	0	1	0	0	0	0	1	0	0	0	0	1	0	0	0	0	1	0	0	0	0	0	0	0	0	0	0	0	0	1	0	0	1	0	0	0	0	0	0	0	0	1	1	0	0	0	0	1	1	0	1	1	1	1	0	1	0	0	1	0	0	1	0	0	0	1	0	0	1	0	0	0	1	0	1	0	1	1	0	0	0	0	0	1	0	1	1	1
pykA	0	0	0	0	1	0	0	0	0	1	1	0	0	0	0	0	0	1	0	0	0	0	0	0	1	0	1	0	1	0	0	1	0	0	0	0	0	0	1	0	0	0	0	0	0	0	1	0	0	1	0	0	0	0	0	0	0	0	1	1	0	0	1	1	0	1	0	0	1	0	1	0	1	0	0	0	0	1	0	0	0	0	1	0	0	0	0	1	0	0	0	1	1	1	0	0	0	0	1	1	0	1	0	0	1	1	0	0	0	0	1	0	0	0	0	1	0	1	0	0	0	0	0	0	0	0	0	0	1	0	0	0	0	0	0	0	1	0	1	0	0	1	1	1	0	1	0	1	1	1	0	0	0	1	1	0	1	0	0	1	0	0	0	0	1	0	0	0	0	1	0	0	0	1	0	0	0	0	0	1	0	0	0	1	0	0	0	0	0	1	0	0	1	0	0	0	0	0
pykF	1	1	2	1	1	1	1	2	1	1	1	1	1	1	1	1	1	4	1	1	4	1	1	1	1	1	1	1	1	1	1	1	1	1	1	1	1	2	2	1	1	1	1	1	1	1	1	1	1	2	1	1	1	1	1	2	1	1	1	2	1	1	4	6	1	1	1	1	6	1	2	2	1	1	1	1	1	4	1	1	2	3	1	1	1	1	1	3	1	3	1	1	5	1	1	1	1	1	3	3	1	1	1	1	1	1	1	1	1	1	1	1	1	1	1	1	1	2	1	1	1	1	1	1	3	1	1	1	2	1	1	1	1	1	1	2	1	1	2	1	1	1	2	1	1	1	1	1	2	1	1	1	1	1	1	1	1	1	1	3	1	1	1	1	1	1	1	1	1	1	1	1	1	2	1	4	1	1	1	1	1	1	2	2	1	1	1	2	1	1	1	1	1	1	1	1	1	1
queA	1	0	1	0	0	0	0	0	0	0	0	1	0	1	1	0	1	0	0	0	1	1	0	0	0	1	0	1	0	0	0	0	0	1	0	1	1	0	0	1	0	0	0	0	1	0	0	1	0	0	0	0	1	1	0	1	0	0	0	1	1	0	1	1	1	0	1	0	1	0	0	0	0	1	0	0	0	1	0	0	0	1	0	0	0	0	0	1	0	0	0	0	1	0	0	0	0	0	1	1	0	0	0	1	0	1	1	0	0	0	0	1	0	0	0	0	1	0	0	0	0	1	0	0	0	0	1	0	0	0	0	0	0	0	0	0	0	0	0	1	0	0	1	0	0	0	0	0	0	0	0	1	1	0	0	0	0	1	1	0	1	1	1	1	0	1	0	0	1	0	0	1	0	0	0	1	0	0	1	0	0	0	1	0	1	0	1	1	0	0	0	0	0	1	0	1	1	1
rbsA	0	1	0	0	0	0	1	0	1	0	0	0	0	0	0	0	0	1	1	0	1	0	1	0	0	0	0	0	0	0	1	0	0	0	0	0	0	0	0	0	0	1	0	1	0	0	0	0	1	0	0	0	0	0	1	1	0	0	0	0	0	0	0	1	0	0	0	0	1	1	0	0	0	0	1	1	0	1	0	0	1	1	0	0	0	0	0	0	0	1	0	0	1	0	0	0	0	0	0	0	0	0	0	0	0	1	0	1	0	0	0	0	0	0	1	0	0	0	1	0	1	0	0	1	1	1	0	0	0	1	1	0	1	1	1	0	0	0	1	0	0	0	0	0	0	0	1	0	1	0	0	0	0	0	0	1	0	0	0	1	0	0	0	0	0	0	1	0	0	0	0	0	0	0	1	0	1	1	0	0	0	0	0	1	0	0	0	0	1	0	0	0	0	0	1	0	0	0
rbsB	0	0	1	0	0	0	0	1	0	0	0	0	0	0	0	1	0	1	0	1	1	0	0	1	0	0	0	0	0	1	0	0	0	0	1	0	0	1	0	0	1	0	1	0	0	0	0	0	0	1	0	1	0	0	0	0	1	1	0	0	0	0	1	1	0	0	0	0	1	0	1	1	0	0	0	0	0	0	0	0	0	0	0	1	1	1	0	0	1	1	0	0	1	0	0	1	0	1	1	0	1	0	0	0	0	1	0	0	1	0	0	0	0	0	0	0	0	0	0	0	0	0	1	0	1	0	0	1	1	0	0	0	0	0	0	1	0	1	0	0	0	0	0	0	1	0	0	0	0	0	1	0	0	0	0	0	0	0	0	0	0	0	0	0	0	0	0	0	0	0	0	0	0	1	0	1	0	0	0	0	0	0	0	0	0	1	0	1	0	0	1	0	0	0	0	0	0	0
rbsD	0	0	0	0	0	0	0	0	0	0	0	0	0	0	0	0	0	0	0	0	0	0	0	0	0	0	0	0	0	0	0	0	0	0	0	0	0	0	1	0	0	0	0	0	0	1	0	0	0	0	0	0	0	0	0	0	0	0	0	0	0	0	1	1	0	0	0	0	1	0	0	0	0	0	0	0	0	0	0	0	0	0	0	0	0	0	0	0	0	1	0	0	0	0	0	0	0	0	0	0	0	0	0	0	0	1	0	0	0	1	0	0	0	0	0	0	0	1	0	1	0	0	0	0	0	0	0	0	0	0	0	1	0	0	0	0	0	0	0	0	0	0	0	0	0	0	0	0	0	0	0	0	0	0	0	0	0	0	0	0	0	0	0	0	0	0	0	0	0	0	0	0	0	0	0	1	0	0	0	0	0	0	0	0	0	0	0	0	0	0	0	0	0	0	0	0	0	0
rbsR	0	0	0	0	1	0	0	0	0	1	1	0	0	0	0	0	0	1	0	0	0	0	0	0	1	0	1	0	1	0	0	1	0	0	0	0	0	0	1	0	0	0	0	0	0	0	1	0	0	1	0	0	0	0	0	0	0	0	1	1	0	0	1	1	0	1	0	0	1	0	1	0	1	0	0	0	0	1	0	0	0	0	1	0	0	0	0	1	0	0	0	1	1	1	0	0	0	0	1	1	0	1	0	0	1	1	0	0	0	0	1	0	0	0	0	1	0	1	0	0	0	0	0	0	0	0	0	0	1	0	0	0	0	0	0	0	1	0	1	0	0	1	1	1	0	1	0	1	1	1	0	0	0	1	1	0	1	0	0	1	0	0	0	0	1	0	0	0	0	1	0	0	0	1	0	0	0	0	0	1	0	0	0	1	0	0	0	0	0	1	0	0	1	0	0	0	0	0
recF	1	0	1	0	0	0	0	0	0	0	0	1	0	1	1	0	1	0	0	0	1	1	0	0	0	1	0	1	0	0	0	0	0	1	0	1	1	0	0	1	0	0	0	0	1	0	0	1	0	0	0	0	1	1	0	1	0	0	0	1	1	0	1	1	1	0	1	0	1	0	0	0	0	1	0	0	0	1	0	0	0	1	0	0	0	0	0	1	0	0	0	0	1	0	0	0	0	0	1	1	0	0	0	1	0	1	1	0	0	0	0	1	0	0	0	0	1	0	0	0	0	1	0	0	0	0	1	0	0	0	0	0	0	0	0	0	0	0	0	1	0	0	1	0	0	0	0	0	0	0	0	1	1	0	0	0	0	1	1	0	1	1	1	1	0	1	0	0	1	0	0	1	0	0	0	1	0	0	1	0	0	0	1	0	1	0	1	1	0	0	0	0	0	1	0	1	1	1
recO	0	0	0	1	0	1	0	1	0	0	0	0	1	0	0	0	0	1	0	0	1	0	0	0	0	0	0	0	0	0	0	0	1	0	0	0	0	1	0	0	0	0	0	0	0	0	0	0	0	0	1	0	0	0	0	0	0	0	0	0	0	1	0	1	0	0	0	1	1	0	0	1	0	0	0	0	1	1	1	1	1	1	0	0	0	0	1	1	0	0	1	0	1	0	1	0	1	0	0	1	0	0	1	0	0	1	0	0	0	0	0	0	1	1	0	0	0	0	0	0	0	0	0	0	1	0	0	0	0	0	0	0	0	0	0	1	0	0	0	0	1	0	0	0	0	0	0	0	0	0	0	0	0	0	0	0	0	0	0	1	0	0	0	0	0	0	0	1	0	0	1	0	1	0	0	1	0	0	0	0	1	1	1	0	0	0	0	0	0	0	0	1	0	0	0	0	0	0
rfbB	0	0	0	1	0	1	0	1	0	0	0	0	1	0	0	0	0	1	0	0	1	0	0	0	0	0	0	0	0	0	0	0	1	0	0	0	0	1	0	0	0	0	0	0	0	0	0	0	0	0	1	0	0	0	0	0	0	0	0	0	0	1	0	1	0	0	0	1	1	0	0	1	0	0	0	0	1	1	1	1	1	1	0	0	0	0	1	1	0	0	1	0	1	0	1	0	1	0	0	1	0	0	1	0	0	1	0	0	0	0	0	0	1	1	0	0	0	0	0	0	0	0	0	0	1	0	0	0	0	0	0	0	0	0	0	1	0	0	0	0	1	0	0	0	0	0	0	0	0	0	0	0	0	0	0	0	0	0	0	1	0	0	0	0	0	0	0	1	0	0	1	0	1	0	0	1	0	0	0	0	1	1	1	0	0	0	0	0	0	0	0	1	0	0	0	0	0	0
rnb	0	1	0	0	0	0	1	0	1	0	0	0	0	0	0	0	0	1	1	0	1	0	1	0	0	0	0	0	0	0	1	0	0	0	0	0	0	0	0	0	0	1	0	1	0	0	0	0	1	0	0	0	0	0	1	1	0	0	0	0	0	0	0	1	0	0	0	0	1	1	0	0	0	0	1	1	0	1	0	0	1	1	0	0	0	0	0	0	0	1	0	0	1	0	0	0	0	0	0	0	0	0	0	0	0	1	0	1	0	0	0	0	0	0	1	0	0	0	1	0	1	0	0	1	1	1	0	0	0	1	1	0	1	1	1	0	0	0	1	0	0	0	0	0	0	0	1	0	1	0	0	0	0	0	0	1	0	0	0	1	0	0	0	0	0	0	1	0	0	0	0	0	0	0	1	0	1	1	0	0	0	0	0	1	0	0	0	0	1	0	0	0	0	0	1	0	0	0
rne	0	0	0	0	1	0	0	0	0	1	1	0	0	0	0	0	0	1	0	0	0	0	0	0	1	0	1	0	1	0	0	1	0	0	0	0	0	0	1	0	0	0	0	0	0	0	1	0	0	1	0	0	0	0	0	0	0	0	1	1	0	0	1	1	0	1	0	0	1	0	1	0	1	0	0	0	0	1	0	0	0	0	1	0	0	0	0	1	0	0	0	1	1	1	0	0	0	0	1	1	0	1	0	0	1	1	0	0	0	0	1	0	0	0	0	1	0	1	0	0	0	0	0	0	0	0	0	0	1	0	0	0	0	0	0	0	1	0	1	0	0	1	1	1	0	1	0	1	1	1	0	0	0	1	1	0	1	0	0	1	0	0	0	0	1	0	0	0	0	1	0	0	0	1	0	0	0	0	0	1	0	0	0	1	0	0	0	0	0	1	0	0	1	0	0	0	0	0
rpiR	1	0	1	0	0	0	0	0	0	0	0	1	0	1	1	0	1	0	0	0	1	1	0	0	0	1	0	1	0	0	0	0	0	1	0	1	1	0	0	1	0	0	0	0	1	0	0	1	0	0	0	0	1	1	0	1	0	0	0	1	1	0	1	1	1	0	1	0	1	0	0	0	0	1	0	0	0	1	0	0	0	1	0	0	0	0	0	1	0	0	0	0	1	0	0	0	0	0	1	1	0	0	0	1	0	1	1	0	0	0	0	1	0	0	0	0	1	0	0	0	0	1	0	0	0	0	1	0	0	0	0	0	0	0	0	0	0	0	0	1	0	0	1	0	0	0	0	0	0	0	0	1	1	0	0	0	0	1	1	0	1	1	1	1	0	1	0	0	1	0	0	1	0	0	0	1	0	0	1	0	0	0	1	0	1	0	1	1	0	0	0	0	0	1	0	1	1	1
rplF	0	0	0	0	1	0	0	0	0	1	1	0	0	0	0	0	0	1	0	0	0	0	0	0	1	0	1	0	1	0	0	1	0	0	0	0	0	0	2	0	0	0	0	0	0	1	1	0	0	1	0	0	0	0	0	0	0	0	1	1	0	0	2	2	0	1	0	0	2	0	1	0	1	0	0	0	0	1	0	0	0	0	1	0	0	0	0	1	0	1	0	1	1	1	0	0	0	0	1	1	0	1	0	0	1	2	0	0	0	1	1	0	0	0	0	1	0	1	0	1	0	0	0	0	0	0	0	0	1	0	0	1	0	0	0	0	1	0	1	0	0	1	1	1	0	1	0	1	1	1	0	0	0	1	1	0	1	0	0	1	0	0	0	0	1	0	0	0	0	1	0	0	0	1	0	1	0	0	0	1	0	0	0	1	0	0	0	0	0	1	0	0	1	0	0	0	0	0
rpsA	0	1	0	0	0	0	1	0	1	0	0	0	0	0	0	0	0	1	1	0	1	0	1	0	0	0	0	0	0	0	1	0	0	0	0	0	0	0	0	0	0	1	0	1	0	0	0	0	1	0	0	0	0	0	1	1	0	0	0	0	0	0	0	1	0	0	0	0	1	1	0	0	0	0	1	1	0	1	0	0	1	1	0	0	0	0	0	0	0	1	0	0	1	0	0	0	0	0	0	0	0	0	0	0	0	1	0	1	0	0	0	0	0	0	1	0	0	0	1	0	1	0	0	1	1	1	0	0	0	1	1	0	1	1	1	0	0	0	1	0	0	0	0	0	0	0	1	0	1	0	0	0	0	0	0	1	0	0	0	1	0	0	0	0	0	0	1	0	0	0	0	0	0	0	1	0	1	1	0	0	0	0	0	1	0	0	0	0	1	0	0	0	0	0	1	0	0	0
rpsC	0	0	0	0	0	0	0	0	0	0	0	0	0	0	0	0	0	0	0	0	0	0	0	0	0	0	0	0	0	0	0	0	0	0	0	0	0	0	1	0	0	0	0	0	0	1	0	0	0	0	0	0	0	0	0	0	0	0	0	0	0	0	1	1	0	0	0	0	1	0	0	0	0	0	0	0	0	0	0	0	0	0	0	0	0	0	0	0	0	1	0	0	0	0	0	0	0	0	0	0	0	0	0	0	0	1	0	0	0	1	0	0	0	0	0	0	0	1	0	1	0	0	0	0	0	0	0	0	0	0	0	1	0	0	0	0	0	0	0	0	0	0	0	0	0	0	0	0	0	0	0	0	0	0	0	0	0	0	0	0	0	0	0	0	0	0	0	0	0	0	0	0	0	0	0	1	0	0	0	0	0	0	0	0	0	0	0	0	0	0	0	0	0	0	0	0	0	0
rpsD	0	1	0	0	0	0	1	0	1	0	0	0	0	0	0	0	0	1	1	0	1	0	1	0	0	0	0	0	0	0	1	0	0	0	0	0	0	0	0	0	0	1	0	1	0	0	0	0	1	0	0	0	0	0	1	1	0	0	0	0	0	0	0	1	0	0	0	0	1	1	0	0	0	0	1	1	0	1	0	0	1	1	0	0	0	0	0	0	0	1	0	0	1	0	0	0	0	0	0	0	0	0	0	0	0	1	0	1	0	0	0	0	0	0	1	0	0	0	1	0	1	0	0	1	1	1	0	0	0	1	1	0	1	1	1	0	0	0	1	0	0	0	0	0	0	0	1	0	1	0	0	0	0	0	0	1	0	0	0	1	0	0	0	0	0	0	1	0	0	0	0	0	0	0	1	0	1	1	0	0	0	0	0	1	0	0	0	0	1	0	0	0	0	0	1	0	0	0
sapA	1	0	1	0	0	0	0	0	0	0	0	1	0	1	1	0	1	0	0	0	1	1	0	0	0	1	0	1	0	0	0	0	0	1	0	1	1	0	0	1	0	0	0	0	1	0	0	1	0	0	0	0	1	1	0	1	0	0	0	1	1	0	1	1	1	0	1	0	1	0	0	0	0	1	0	0	0	1	0	0	0	1	0	0	0	0	0	1	0	0	0	0	1	0	0	0	0	0	1	1	0	0	0	1	0	1	1	0	0	0	0	1	0	0	0	0	1	0	0	0	0	1	0	0	0	0	1	0	0	0	0	0	0	0	0	0	0	0	0	1	0	0	1	0	0	0	0	0	0	0	0	1	1	0	0	0	0	1	1	0	1	1	1	1	0	1	0	0	1	0	0	1	0	0	0	1	0	0	1	0	0	0	1	0	1	0	1	1	0	0	0	0	0	1	0	1	1	1
sapF	0	0	1	0	0	0	0	1	0	0	0	0	0	0	0	1	0	1	0	1	1	0	0	1	0	0	0	0	0	1	0	0	0	0	1	0	0	1	0	0	1	0	1	0	0	0	0	0	0	1	0	1	0	0	0	0	1	1	0	0	0	0	1	1	0	0	0	0	1	0	1	1	0	0	0	0	0	0	0	0	0	0	0	1	1	1	0	0	1	1	0	0	1	0	0	1	0	1	1	0	1	0	0	0	0	1	0	0	1	0	0	0	0	0	0	0	0	0	0	0	0	0	1	0	1	0	0	1	1	0	0	0	0	0	0	1	0	1	0	0	0	0	0	0	1	0	0	0	0	0	1	0	0	0	0	0	0	0	0	0	0	0	0	0	0	0	0	0	0	0	0	0	0	1	0	1	0	0	0	0	0	0	0	0	0	1	0	1	0	0	1	0	0	0	0	0	0	0
speG	0	1	0	0	0	0	1	0	1	0	0	0	0	0	0	0	0	1	1	0	1	0	1	0	0	0	0	0	0	0	1	0	0	0	0	0	0	0	0	0	0	1	0	1	0	0	0	0	1	0	0	0	0	0	1	1	0	0	0	0	0	0	0	1	0	0	0	0	1	1	0	0	0	0	1	1	0	1	0	0	1	1	0	0	0	0	0	0	0	1	0	0	1	0	0	0	0	0	0	0	0	0	0	0	0	1	0	1	0	0	0	0	0	0	1	0	0	0	1	0	1	0	0	1	1	1	0	0	0	1	1	0	1	1	1	0	0	0	1	0	0	0	0	0	0	0	1	0	1	0	0	0	0	0	0	1	0	0	0	1	0	0	0	0	0	0	1	0	0	0	0	0	0	0	1	0	1	1	0	0	0	0	0	1	0	0	0	0	1	0	0	0	0	0	1	0	0	0
spoT	0	1	1	1	0	1	1	2	1	0	0	0	1	0	0	1	0	3	1	1	3	0	1	1	0	0	0	0	0	1	1	0	1	0	1	0	0	2	0	0	1	1	1	1	0	0	0	0	1	1	1	1	0	0	1	1	1	1	0	0	0	1	1	3	0	0	0	1	3	1	1	2	0	0	1	1	1	2	1	1	2	2	0	1	1	1	1	1	1	2	1	0	3	0	1	1	1	1	1	1	1	0	1	0	0	3	0	1	1	0	0	0	1	1	1	0	0	0	1	0	1	0	1	1	1	1	0	1	1	1	1	0	1	1	1	2	0	1	1	0	1	0	0	0	1	0	1	0	1	0	1	0	0	0	0	1	0	0	0	2	0	0	0	0	0	0	1	1	0	0	1	0	1	1	1	2	1	1	0	0	1	1	1	1	0	1	0	1	1	0	1	1	0	0	1	0	0	0
sucB	0	1	0	0	0	0	1	0	1	0	0	0	0	0	0	0	0	1	1	0	1	0	1	0	0	0	0	0	0	0	1	0	0	0	0	0	0	0	0	0	0	1	0	1	0	0	0	0	1	0	0	0	0	0	1	1	0	0	0	0	0	0	0	1	0	0	0	0	1	1	0	0	0	0	1	1	0	1	0	0	1	1	0	0	0	0	0	0	0	1	0	0	1	0	0	0	0	0	0	0	0	0	0	0	0	1	0	1	0	0	0	0	0	0	1	0	0	0	1	0	1	0	0	1	1	1	0	0	0	1	1	0	1	1	1	0	0	0	1	0	0	0	0	0	0	0	1	0	1	0	0	0	0	0	0	1	0	0	0	1	0	0	0	0	0	0	1	0	0	0	0	0	0	0	1	0	1	1	0	0	0	0	0	1	0	0	0	0	1	0	0	0	0	0	1	0	0	0
tap	1	0	1	0	0	0	0	0	0	0	0	1	0	1	1	0	1	0	0	0	1	1	0	0	0	1	0	1	0	0	0	0	0	1	0	1	1	0	0	1	0	0	0	0	1	0	0	1	0	0	0	0	1	1	0	1	0	0	0	1	1	0	1	1	1	0	1	0	1	0	0	0	0	1	0	0	0	1	0	0	0	1	0	0	0	0	0	1	0	0	0	0	1	0	0	0	0	0	1	1	0	0	0	1	0	1	1	0	0	0	0	1	0	0	0	0	1	0	0	0	0	1	0	0	0	0	1	0	0	0	0	0	0	0	0	0	0	0	0	1	0	0	1	0	0	0	0	0	0	0	0	1	1	0	0	0	0	1	1	0	1	1	1	1	0	1	0	0	1	0	0	1	0	0	0	1	0	0	1	0	0	0	1	0	1	0	1	1	0	0	0	0	0	1	0	1	1	1
thiI	0	0	1	0	0	0	0	1	0	0	0	0	0	0	0	1	0	1	0	1	1	0	0	1	0	0	0	0	0	1	0	0	0	0	1	0	0	1	0	0	1	0	1	0	0	0	0	0	0	1	0	1	0	0	0	0	1	1	0	0	0	0	1	1	0	0	0	0	1	0	1	1	0	0	0	0	0	0	0	0	0	0	0	1	1	1	0	0	1	1	0	0	1	0	0	1	0	1	1	0	1	0	0	0	0	1	0	0	1	0	0	0	0	0	0	0	0	0	0	0	0	0	1	0	1	0	0	1	1	0	0	0	0	0	0	1	0	1	0	0	0	0	0	0	1	0	0	0	0	0	1	0	0	0	0	0	0	0	0	0	0	0	0	0	0	0	0	0	0	0	0	0	0	1	0	1	0	0	0	0	0	0	0	0	0	1	0	1	0	0	1	0	0	0	0	0	0	0
thrA	0	0	1	0	1	0	0	1	0	1	1	0	0	0	0	1	0	2	0	1	1	0	0	1	1	0	1	0	1	1	0	1	0	0	1	0	0	1	1	0	1	0	1	0	0	0	1	0	0	2	0	1	0	0	0	0	1	1	1	1	0	0	2	2	0	1	0	0	2	0	2	1	1	0	0	0	0	1	0	0	0	0	1	1	1	1	0	1	1	1	0	1	2	1	0	1	0	1	2	1	1	1	0	0	1	2	0	0	1	0	1	0	0	0	0	1	0	1	0	0	0	0	1	0	1	0	0	1	1	0	0	0	0	0	0	1	1	1	1	0	0	1	1	1	1	1	0	1	1	1	1	0	0	1	1	0	1	0	0	1	0	0	0	0	1	0	0	0	0	1	0	0	0	2	0	1	0	0	0	1	0	0	0	1	0	1	0	1	0	1	1	0	1	0	0	0	0	0
tktB	0	1	0	0	0	0	1	0	1	0	0	0	0	0	0	0	0	1	1	0	1	0	1	0	0	0	0	0	0	0	1	0	0	0	0	0	0	0	0	0	0	1	0	1	0	0	0	0	1	0	0	0	0	0	1	1	0	0	0	0	0	0	0	1	0	0	0	0	1	1	0	0	0	0	1	1	0	1	0	0	1	1	0	0	0	0	0	0	0	1	0	0	1	0	0	0	0	0	0	0	0	0	0	0	0	1	0	1	0	0	0	0	0	0	1	0	0	0	1	0	1	0	0	1	1	1	0	0	0	1	1	0	1	1	1	0	0	0	1	0	0	0	0	0	0	0	1	0	1	0	0	0	0	0	0	1	0	0	0	1	0	0	0	0	0	0	1	0	0	0	0	0	0	0	1	0	1	1	0	0	0	0	0	1	0	0	0	0	1	0	0	0	0	0	1	0	0	0
torA	0	1	0	0	0	0	1	0	1	0	0	0	0	0	0	0	0	1	1	0	1	0	1	0	0	0	0	0	0	0	1	0	0	0	0	0	0	0	0	0	0	1	0	1	0	0	0	0	1	0	0	0	0	0	1	1	0	0	0	0	0	0	0	1	0	0	0	0	1	1	0	0	0	0	1	1	0	1	0	0	1	1	0	0	0	0	0	0	0	1	0	0	1	0	0	0	0	0	0	0	0	0	0	0	0	1	0	1	0	0	0	0	0	0	1	0	0	0	1	0	1	0	0	1	1	1	0	0	0	1	1	0	1	1	1	0	0	0	1	0	0	0	0	0	0	0	1	0	1	0	0	0	0	0	0	1	0	0	0	1	0	0	0	0	0	0	1	0	0	0	0	0	0	0	1	0	1	1	0	0	0	0	0	1	0	0	0	0	1	0	0	0	0	0	1	0	0	0
trkH	0	0	0	0	0	0	0	0	0	0	0	0	0	0	0	0	0	0	0	0	0	0	0	0	0	0	0	0	0	0	0	0	0	0	0	0	0	0	1	0	0	0	0	0	0	1	0	0	0	0	0	0	0	0	0	0	0	0	0	0	0	0	1	1	0	0	0	0	1	0	0	0	0	0	0	0	0	0	0	0	0	0	0	0	0	0	0	0	0	1	0	0	0	0	0	0	0	0	0	0	0	0	0	0	0	1	0	0	0	1	0	0	0	0	0	0	0	1	0	1	0	0	0	0	0	0	0	0	0	0	0	1	0	0	0	0	0	0	0	0	0	0	0	0	0	0	0	0	0	0	0	0	0	0	0	0	0	0	0	0	0	0	0	0	0	0	0	0	0	0	0	0	0	0	0	1	0	0	0	0	0	0	0	0	0	0	0	0	0	0	0	0	0	0	0	0	0	0
wzy	0	1	0	0	0	0	1	0	1	0	0	0	0	0	0	0	0	1	1	0	1	0	1	0	0	0	0	0	0	0	1	0	0	0	0	0	0	0	0	0	0	1	0	1	0	0	0	0	1	0	0	0	0	0	1	1	0	0	0	0	0	0	0	1	0	0	0	0	1	1	0	0	0	0	1	1	0	1	0	0	1	1	0	0	0	0	0	0	0	1	0	0	1	0	0	0	0	0	0	0	0	0	0	0	0	1	0	1	0	0	0	0	0	0	1	0	0	0	1	0	1	0	0	1	1	1	0	0	0	1	1	0	1	1	1	0	0	0	1	0	0	0	0	0	0	0	1	0	1	0	0	0	0	0	0	1	0	0	0	1	0	0	0	0	0	0	1	0	0	0	0	0	0	0	1	0	1	1	0	0	0	0	0	1	0	0	0	0	1	0	0	0	0	0	1	0	0	0
yaaX	0	1	0	0	0	0	1	0	1	0	0	0	0	0	0	0	0	1	1	0	1	0	1	0	0	0	0	0	0	0	1	0	0	0	0	0	0	0	0	0	0	1	0	1	0	0	0	0	1	0	0	0	0	0	1	1	0	0	0	0	0	0	0	1	0	0	0	0	1	1	0	0	0	0	1	1	0	1	0	0	1	1	0	0	0	0	0	0	0	1	0	0	1	0	0	0	0	0	0	0	0	0	0	0	0	1	0	1	0	0	0	0	0	0	1	0	0	0	1	0	1	0	0	1	1	1	0	0	0	1	1	0	1	1	1	0	0	0	1	0	0	0	0	0	0	0	1	0	1	0	0	0	0	0	0	1	0	0	0	1	0	0	0	0	0	0	1	0	0	0	0	0	0	0	1	0	1	1	0	0	0	0	0	1	0	0	0	0	1	0	0	0	0	0	1	0	0	0
yadF	0	1	0	0	0	0	1	0	1	0	0	0	0	0	0	0	0	1	1	0	1	0	1	0	0	0	0	0	0	0	1	0	0	0	0	0	0	0	0	0	0	1	0	1	0	0	0	0	1	0	0	0	0	0	1	1	0	0	0	0	0	0	0	1	0	0	0	0	1	1	0	0	0	0	1	1	0	1	0	0	1	1	0	0	0	0	0	0	0	1	0	0	1	0	0	0	0	0	0	0	0	0	0	0	0	1	0	1	0	0	0	0	0	0	1	0	0	0	1	0	1	0	0	1	1	1	0	0	0	1	1	0	1	1	1	0	0	0	1	0	0	0	0	0	0	0	1	0	1	0	0	0	0	0	0	1	0	0	0	1	0	0	0	0	0	0	1	0	0	0	0	0	0	0	1	0	1	1	0	0	0	0	0	1	0	0	0	0	1	0	0	0	0	0	1	0	0	0
yadH	0	0	1	1	0	1	0	2	0	0	0	0	1	0	0	1	0	2	0	1	2	0	0	1	0	0	0	0	0	1	0	0	1	0	1	0	0	2	0	0	1	0	1	0	0	0	0	0	0	1	1	1	0	0	0	0	1	1	0	0	0	1	1	2	0	0	0	1	2	0	1	2	0	0	0	0	1	1	1	1	1	1	0	1	1	1	1	1	1	1	1	0	2	0	1	1	1	1	1	1	1	0	1	0	0	2	0	0	1	0	0	0	1	1	0	0	0	0	0	0	0	0	1	0	2	0	0	1	1	0	0	0	0	0	0	1	0	1	0	0	1	0	0	0	1	0	0	0	0	0	1	0	0	0	0	0	0	0	0	1	0	0	0	0	0	0	0	1	0	0	1	0	1	1	0	2	0	0	0	0	1	1	1	0	0	1	0	1	0	0	1	1	0	0	0	0	0	0
yahA	0	0	0	0	1	0	0	0	0	1	1	0	0	0	0	0	0	1	0	0	0	0	0	0	1	0	1	0	1	0	0	1	0	0	0	0	0	0	1	0	0	0	0	0	0	0	1	0	0	1	0	0	0	0	0	0	0	0	1	1	0	0	1	1	0	1	0	0	1	0	1	0	1	0	0	0	0	1	0	0	0	0	1	0	0	0	0	1	0	0	0	1	1	1	0	0	0	0	1	1	0	1	0	0	1	1	0	0	0	0	1	0	0	0	0	1	0	1	0	0	0	0	0	0	0	0	0	0	1	0	0	0	0	0	0	0	1	0	1	0	0	1	1	1	0	1	0	1	1	1	0	0	0	1	1	0	1	0	0	1	0	0	0	0	1	0	0	0	0	1	0	0	0	1	0	0	0	0	0	1	0	0	0	1	0	0	0	0	0	1	0	0	1	0	0	0	0	0
ybaE	0	0	1	0	0	0	0	1	0	0	0	0	0	0	0	1	0	1	0	1	1	0	0	1	0	0	0	0	0	1	0	0	0	0	1	0	0	1	0	0	1	0	1	0	0	0	0	0	0	1	0	1	0	0	0	0	1	1	0	0	0	0	1	1	0	0	0	0	1	0	1	1	0	0	0	0	0	0	0	0	0	0	0	1	1	1	0	0	1	1	0	0	1	0	0	1	0	1	1	0	1	0	0	0	0	1	0	0	1	0	0	0	0	0	0	0	0	0	0	0	0	0	1	0	1	0	0	1	1	0	0	0	0	0	0	1	0	1	0	0	0	0	0	0	1	0	0	0	0	0	1	0	0	0	0	0	0	0	0	0	0	0	0	0	0	0	0	0	0	0	0	0	0	1	0	1	0	0	0	0	0	0	0	0	0	1	0	1	0	0	1	0	0	0	0	0	0	0
ybaL	0	1	0	0	1	0	1	0	1	1	1	0	0	0	0	0	0	2	1	0	1	0	1	0	1	0	1	0	1	0	1	1	0	0	0	0	0	0	1	0	0	1	0	1	0	0	1	0	1	1	0	0	0	0	1	1	0	0	1	1	0	0	1	2	0	1	0	0	2	1	1	0	1	0	1	1	0	2	0	0	1	1	1	0	0	0	0	1	0	1	0	1	2	1	0	0	0	0	1	1	0	1	0	0	1	2	0	1	0	0	1	0	0	0	1	1	0	1	1	0	1	0	0	1	1	1	0	0	1	1	1	0	1	1	1	0	1	0	1	0	0	1	1	1	0	1	1	1	2	1	0	0	0	1	1	1	1	0	0	2	0	0	0	0	1	0	1	0	0	1	0	0	0	1	1	0	1	1	0	1	0	0	0	2	0	0	0	0	1	1	0	0	1	0	1	0	0	0
ybbN	1	0	1	0	0	0	0	0	0	0	0	1	0	1	1	0	1	0	0	0	1	1	0	0	0	1	0	1	0	0	0	0	0	1	0	1	1	0	0	1	0	0	0	0	1	0	0	1	0	0	0	0	1	1	0	1	0	0	0	1	1	0	1	1	1	0	1	0	1	0	0	0	0	1	0	0	0	1	0	0	0	1	0	0	0	0	0	1	0	0	0	0	1	0	0	0	0	0	1	1	0	0	0	1	0	1	1	0	0	0	0	1	0	0	0	0	1	0	0	0	0	1	0	0	0	0	1	0	0	0	0	0	0	0	0	0	0	0	0	1	0	0	1	0	0	0	0	0	0	0	0	1	1	0	0	0	0	1	1	0	1	1	1	1	0	1	0	0	1	0	0	1	0	0	0	1	0	0	1	0	0	0	1	0	1	0	1	1	0	0	0	0	0	1	0	1	1	1
ybcU	0	0	0	1	0	1	0	1	0	0	0	0	1	0	0	0	0	1	0	0	1	0	0	0	0	0	0	0	0	0	0	0	1	0	0	0	0	1	0	0	0	0	0	0	0	0	0	0	0	0	1	0	0	0	0	0	0	0	0	0	0	1	0	1	0	0	0	1	1	0	0	1	0	0	0	0	1	1	1	1	1	1	0	0	0	0	1	1	0	0	1	0	1	0	1	0	1	0	0	1	0	0	1	0	0	1	0	0	0	0	0	0	1	1	0	0	0	0	0	0	0	0	0	0	1	0	0	0	0	0	0	0	0	0	0	1	0	0	0	0	1	0	0	0	0	0	0	0	0	0	0	0	0	0	0	0	0	0	0	1	0	0	0	0	0	0	0	1	0	0	1	0	1	0	0	1	0	0	0	0	1	1	1	0	0	0	0	0	0	0	0	1	0	0	0	0	0	0
ybeA	0	0	0	0	1	0	0	0	0	1	1	0	0	0	0	0	0	1	0	0	0	0	0	0	1	0	1	0	1	0	0	1	0	0	0	0	0	0	1	0	0	0	0	0	0	0	1	0	0	1	0	0	0	0	0	0	0	0	1	1	0	0	1	1	0	1	0	0	1	0	1	0	1	0	0	0	0	1	0	0	0	0	1	0	0	0	0	1	0	0	0	1	1	1	0	0	0	0	1	1	0	1	0	0	1	1	0	0	0	0	1	0	0	0	0	1	0	1	0	0	0	0	0	0	0	0	0	0	1	0	0	0	0	0	0	0	1	0	1	0	0	1	1	1	0	1	0	1	1	1	0	0	0	1	1	0	1	0	0	1	0	0	0	0	1	0	0	0	0	1	0	0	0	1	0	0	0	0	0	1	0	0	0	1	0	0	0	0	0	1	0	0	1	0	0	0	0	0
ybeB	1	0	1	0	1	0	0	0	0	1	1	1	0	1	1	0	1	1	0	0	1	1	0	0	1	1	1	1	1	0	0	1	0	1	0	1	1	0	1	1	0	0	0	0	1	0	1	1	0	1	0	0	1	1	0	1	0	0	1	2	1	0	2	2	1	1	1	0	2	0	1	0	1	1	0	0	0	2	0	0	0	1	1	0	0	0	0	2	0	0	0	1	2	1	0	0	0	0	2	2	0	1	0	1	1	2	1	0	0	0	1	1	0	0	0	1	1	1	0	0	0	1	0	0	0	0	1	0	1	0	0	0	0	0	0	0	1	0	1	1	0	1	1	1	0	1	0	1	1	1	0	1	1	1	1	0	1	1	1	1	1	1	1	1	1	1	0	0	1	1	0	1	0	1	0	1	0	0	1	1	0	0	1	1	1	0	1	1	0	1	0	0	1	1	0	1	1	1
ybeM	0	0	0	0	1	0	0	0	0	1	1	0	0	0	0	0	0	1	0	0	0	0	0	0	1	0	1	0	1	0	0	1	0	0	0	0	0	0	1	0	0	0	0	0	0	0	1	0	0	1	0	0	0	0	0	0	0	0	1	1	0	0	1	1	0	1	0	0	1	0	1	0	1	0	0	0	0	1	0	0	0	0	1	0	0	0	0	1	0	0	0	1	1	1	0	0	0	0	1	1	0	1	0	0	1	1	0	0	0	0	1	0	0	0	0	1	0	1	0	0	0	0	0	0	0	0	0	0	1	0	0	0	0	0	0	0	1	0	1	0	0	1	1	1	0	1	0	1	1	1	0	0	0	1	1	0	1	0	0	1	0	0	0	0	1	0	0	0	0	1	0	0	0	1	0	0	0	0	0	1	0	0	0	1	0	0	0	0	0	1	0	0	1	0	0	0	0	0
ybhP	0	0	1	0	0	0	0	1	0	0	0	0	0	0	0	1	0	1	0	1	1	0	0	1	0	0	0	0	0	1	0	0	0	0	1	0	0	1	0	0	1	0	1	0	0	0	0	0	0	1	0	1	0	0	0	0	1	1	0	0	0	0	1	1	0	0	0	0	1	0	1	1	0	0	0	0	0	0	0	0	0	0	0	1	1	1	0	0	1	1	0	0	1	0	0	1	0	1	1	0	1	0	0	0	0	1	0	0	1	0	0	0	0	0	0	0	0	0	0	0	0	0	1	0	1	0	0	1	1	0	0	0	0	0	0	1	0	1	0	0	0	0	0	0	1	0	0	0	0	0	1	0	0	0	0	0	0	0	0	0	0	0	0	0	0	0	0	0	0	0	0	0	0	1	0	1	0	0	0	0	0	0	0	0	0	1	0	1	0	0	1	0	0	0	0	0	0	0
ybiN	0	0	0	0	1	0	0	0	0	1	1	0	0	0	0	0	0	1	0	0	0	0	0	0	1	0	1	0	1	0	0	1	0	0	0	0	0	0	1	0	0	0	0	0	0	0	1	0	0	1	0	0	0	0	0	0	0	0	1	1	0	0	1	1	0	1	0	0	1	0	1	0	1	0	0	0	0	1	0	0	0	0	1	0	0	0	0	1	0	0	0	1	1	1	0	0	0	0	1	1	0	1	0	0	1	1	0	0	0	0	1	0	0	0	0	1	0	1	0	0	0	0	0	0	0	0	0	0	1	0	0	0	0	0	0	0	1	0	1	0	0	1	1	1	0	1	0	1	1	1	0	0	0	1	1	0	1	0	0	1	0	0	0	0	1	0	0	0	0	1	0	0	0	1	0	0	0	0	0	1	0	0	0	1	0	0	0	0	0	1	0	0	1	0	0	0	0	0
ybjD	0	1	0	0	0	0	1	0	1	0	0	0	0	0	0	0	0	1	1	0	1	0	1	0	0	0	0	0	0	0	1	0	0	0	0	0	0	0	0	0	0	1	0	1	0	0	0	0	1	0	0	0	0	0	1	1	0	0	0	0	0	0	0	1	0	0	0	0	1	1	0	0	0	0	1	1	0	1	0	0	1	1	0	0	0	0	0	0	0	1	0	0	1	0	0	0	0	0	0	0	0	0	0	0	0	1	0	1	0	0	0	0	0	0	1	0	0	0	1	0	1	0	0	1	1	1	0	0	0	1	1	0	1	1	1	0	0	0	1	0	0	0	0	0	0	0	1	0	1	0	0	0	0	0	0	1	0	0	0	1	0	0	0	0	0	0	1	0	0	0	0	0	0	0	1	0	1	1	0	0	0	0	0	1	0	0	0	0	1	0	0	0	0	0	1	0	0	0
ybjE	0	0	0	0	1	0	0	0	0	1	1	0	0	0	0	0	0	1	0	0	0	0	0	0	1	0	1	0	1	0	0	1	0	0	0	0	0	0	1	0	0	0	0	0	0	0	1	0	0	1	0	0	0	0	0	0	0	0	1	1	0	0	1	1	0	1	0	0	1	0	1	0	1	0	0	0	0	1	0	0	0	0	1	0	0	0	0	1	0	0	0	1	1	1	0	0	0	0	1	1	0	1	0	0	1	1	0	0	0	0	1	0	0	0	0	1	0	1	0	0	0	0	0	0	0	0	0	0	1	0	0	0	0	0	0	0	1	0	1	0	0	1	1	1	0	1	0	1	1	1	0	0	0	1	1	0	1	0	0	1	0	0	0	0	1	0	0	0	0	1	0	0	0	1	0	0	0	0	0	1	0	0	0	1	0	0	0	0	0	1	0	0	1	0	0	0	0	0
ycbB	0	1	0	0	1	0	1	0	1	1	1	0	0	0	0	0	0	2	1	0	1	0	1	0	1	0	1	0	1	0	1	1	0	0	0	0	0	0	1	0	0	1	0	1	0	0	1	0	1	1	0	0	0	0	1	1	0	0	1	1	0	0	1	2	0	1	0	0	2	1	1	0	1	0	1	1	0	2	0	0	1	1	1	0	0	0	0	1	0	1	0	1	2	1	0	0	0	0	1	1	0	1	0	0	1	2	0	1	0	0	1	0	0	0	1	1	0	1	1	0	1	0	0	1	1	1	0	0	1	1	1	0	1	1	1	0	1	0	2	0	0	1	1	1	0	1	1	1	1	1	0	0	0	1	1	1	1	0	0	2	0	0	0	0	1	0	1	0	0	1	0	0	0	1	1	0	1	1	0	1	0	0	0	2	0	0	0	0	1	1	0	0	1	0	1	0	0	0
ycdM	0	0	0	0	1	0	0	0	0	1	1	0	0	0	0	0	0	1	0	0	0	0	0	0	1	0	1	0	1	0	0	1	0	0	0	0	0	0	1	0	0	0	0	0	0	0	1	0	0	1	0	0	0	0	0	0	0	0	1	1	0	0	1	1	0	1	0	0	1	0	1	0	1	0	0	0	0	1	0	0	0	0	1	0	0	0	0	1	0	0	0	1	1	1	0	0	0	0	1	1	0	1	0	0	1	1	0	0	0	0	1	0	0	0	0	1	0	1	0	0	0	0	0	0	0	0	0	0	1	0	0	0	0	0	0	0	1	0	1	0	0	1	1	1	0	1	0	1	1	1	0	0	0	1	1	0	1	0	0	1	0	0	0	0	1	0	0	0	0	1	0	0	0	1	0	0	0	0	0	1	0	0	0	1	0	0	0	0	0	1	0	0	1	0	0	0	0	0
yceK	0	0	1	0	0	0	0	1	0	0	0	0	0	0	0	1	0	1	0	1	1	0	0	1	0	0	0	0	0	1	0	0	0	0	1	0	0	1	0	0	1	0	1	0	0	0	0	0	0	1	0	1	0	0	0	0	1	1	0	0	0	0	1	1	0	0	0	0	1	0	1	1	0	0	0	0	0	0	0	0	0	0	0	1	1	1	0	0	1	1	0	0	1	0	0	1	0	1	1	0	1	0	0	0	0	1	0	0	1	0	0	0	0	0	0	0	0	0	0	0	0	0	1	0	1	0	0	1	1	0	0	0	0	0	0	1	0	1	0	0	0	0	0	0	1	0	0	0	0	0	1	0	0	0	0	0	0	0	0	0	0	0	0	0	0	0	0	0	0	0	0	0	0	1	0	1	0	0	0	0	0	0	0	0	0	1	0	1	0	0	1	0	0	0	0	0	0	0
ycfC	1	0	1	0	0	0	0	0	0	0	0	1	0	1	1	0	1	0	0	0	1	1	0	0	0	1	0	1	0	0	0	0	0	1	0	1	1	0	0	1	0	0	0	0	1	0	0	1	0	0	0	0	1	1	0	1	0	0	0	1	1	0	1	1	1	0	1	0	1	0	0	0	0	1	0	0	0	1	0	0	0	1	0	0	0	0	0	1	0	0	0	0	1	0	0	0	0	0	1	1	0	0	0	1	0	1	1	0	0	0	0	1	0	0	0	0	1	0	0	0	0	1	0	0	0	0	1	0	0	0	0	0	0	0	0	0	0	0	0	1	0	0	1	0	0	0	0	0	0	0	0	1	1	0	0	0	0	1	1	0	1	1	1	1	0	1	0	0	1	0	0	1	0	0	0	1	0	0	1	0	0	0	1	0	1	0	1	1	0	0	0	0	0	1	0	1	1	1
ycgG	1	0	1	0	0	0	0	0	0	0	0	1	0	1	1	0	1	0	0	0	1	1	0	0	0	1	0	1	0	0	0	0	0	1	0	1	1	0	0	1	0	0	0	0	1	0	0	1	0	0	0	0	1	1	0	1	0	0	0	1	1	0	1	1	1	0	1	0	1	0	0	0	0	1	0	0	0	1	0	0	0	1	0	0	0	0	0	1	0	0	0	0	1	0	0	0	0	0	1	1	0	0	0	1	0	1	1	0	0	0	0	1	0	0	0	0	1	0	0	0	0	1	0	0	0	0	1	0	0	0	0	0	0	0	0	0	0	0	0	1	0	0	1	0	0	0	0	0	0	0	0	1	1	0	0	0	0	1	1	0	1	1	1	1	0	1	0	0	1	0	0	1	0	0	0	1	0	0	1	0	0	0	1	0	1	0	1	1	0	0	0	0	0	1	0	1	1	1
ydhH	0	0	0	0	1	0	0	0	0	1	1	0	0	0	0	0	0	1	0	0	0	0	0	0	1	0	1	0	1	0	0	1	0	0	0	0	0	0	1	0	0	0	0	0	0	0	1	0	0	1	0	0	0	0	0	0	0	0	1	1	0	0	1	1	0	1	0	0	1	0	1	0	1	0	0	0	0	1	0	0	0	0	1	0	0	0	0	1	0	0	0	1	1	1	0	0	0	0	1	1	0	1	0	0	1	1	0	0	0	0	1	0	0	0	0	1	0	1	0	0	0	0	0	0	0	0	0	0	1	0	0	0	0	0	0	0	1	0	1	0	0	1	1	1	0	1	0	1	1	1	0	0	0	1	1	0	1	0	0	1	0	0	0	0	1	0	0	0	0	1	0	0	0	1	0	0	0	0	0	1	0	0	0	1	0	0	0	0	0	1	0	0	1	0	0	0	0	0
ydhK	0	0	0	0	1	0	0	0	0	1	1	0	0	0	0	0	0	1	0	0	0	0	0	0	1	0	1	0	1	0	0	1	0	0	0	0	0	0	1	0	0	0	0	0	0	0	1	0	0	1	0	0	0	0	0	0	0	0	1	1	0	0	1	1	0	1	0	0	1	0	1	0	1	0	0	0	0	1	0	0	0	0	1	0	0	0	0	1	0	0	0	1	1	1	0	0	0	0	1	1	0	1	0	0	1	1	0	0	0	0	1	0	0	0	0	1	0	1	0	0	0	0	0	0	0	0	0	0	1	0	0	0	0	0	0	0	1	0	1	0	0	1	1	1	0	1	0	1	1	1	0	0	0	1	1	0	1	0	0	1	0	0	0	0	1	0	0	0	0	1	0	0	0	1	0	0	0	0	0	1	0	0	0	1	0	0	0	0	0	1	0	0	1	0	0	0	0	0
ydiQ	0	1	0	0	0	0	1	0	1	0	0	0	0	0	0	0	0	1	1	0	1	0	1	0	0	0	0	0	0	0	1	0	0	0	0	0	0	0	0	0	0	1	0	1	0	0	0	0	1	0	0	0	0	0	1	1	0	0	0	0	0	0	0	1	0	0	0	0	1	1	0	0	0	0	1	1	0	1	0	0	1	1	0	0	0	0	0	0	0	1	0	0	1	0	0	0	0	0	0	0	0	0	0	0	0	1	0	1	0	0	0	0	0	0	1	0	0	0	1	0	1	0	0	1	1	1	0	0	0	1	1	0	1	1	1	0	0	0	1	0	0	0	0	0	0	0	1	0	1	0	0	0	0	0	0	1	0	0	0	1	0	0	0	0	0	0	1	0	0	0	0	0	0	0	1	0	1	1	0	0	0	0	0	1	0	0	0	0	1	0	0	0	0	0	1	0	0	0
yeaU	0	0	0	0	1	0	0	0	0	1	1	0	0	0	0	0	0	1	0	0	0	0	0	0	1	0	1	0	1	0	0	1	0	0	0	0	0	0	1	0	0	0	0	0	0	0	1	0	0	1	0	0	0	0	0	0	0	0	1	1	0	0	1	1	0	1	0	0	1	0	1	0	1	0	0	0	0	1	0	0	0	0	1	0	0	0	0	1	0	0	0	1	1	1	0	0	0	0	1	1	0	1	0	0	1	1	0	0	0	0	1	0	0	0	0	1	0	1	0	0	0	0	0	0	0	0	0	0	1	0	0	0	0	0	0	0	1	0	1	0	0	1	1	1	0	1	0	1	1	1	0	0	0	1	1	0	1	0	0	1	0	0	0	0	1	0	0	0	0	1	0	0	0	1	0	0	0	0	0	1	0	0	0	1	0	0	0	0	0	1	0	0	1	0	0	0	0	0
yebY	1	0	1	0	0	0	0	0	0	0	0	1	0	1	1	0	1	0	0	0	1	1	0	0	0	1	0	1	0	0	0	0	0	1	0	1	1	0	0	1	0	0	0	0	1	0	0	1	0	0	0	0	1	1	0	1	0	0	0	1	1	0	1	1	1	0	1	0	1	0	0	0	0	1	0	0	0	1	0	0	0	1	0	0	0	0	0	1	0	0	0	0	1	0	0	0	0	0	1	1	0	0	0	1	0	1	1	0	0	0	0	1	0	0	0	0	1	0	0	0	0	1	0	0	0	0	1	0	0	0	0	0	0	0	0	0	0	0	0	1	0	0	1	0	0	0	0	0	0	0	0	1	1	0	0	0	0	1	1	0	1	1	1	1	0	1	0	0	1	0	0	1	0	0	0	1	0	0	1	0	0	0	1	0	1	0	1	1	0	0	0	0	0	1	0	1	1	1
yecE	1	0	1	0	0	0	0	0	0	0	0	1	0	1	1	0	1	0	0	0	1	1	0	0	0	1	0	1	0	0	0	0	0	1	0	1	1	0	0	1	0	0	0	0	1	0	0	1	0	0	0	0	1	1	0	1	0	0	0	1	1	0	1	1	1	0	1	0	1	0	0	0	0	1	0	0	0	1	0	0	0	1	0	0	0	0	0	1	0	0	0	0	1	0	0	0	0	0	1	1	0	0	0	1	0	1	1	0	0	0	0	1	0	0	0	0	1	0	0	0	0	1	0	0	0	0	1	0	0	0	0	0	0	0	0	0	0	0	0	1	0	0	1	0	0	0	0	0	0	0	0	1	1	0	0	0	0	1	1	0	1	1	1	1	0	1	0	0	1	0	0	1	0	0	0	1	0	0	1	0	0	0	1	0	1	0	1	1	0	0	0	0	0	1	0	1	1	1
yeeF	0	1	0	1	1	1	1	1	1	1	1	0	1	0	0	0	0	3	1	0	2	0	1	0	1	0	1	0	1	0	1	1	1	0	0	0	0	1	1	0	0	1	0	1	0	0	1	0	1	1	1	0	0	0	1	1	0	0	1	1	0	1	1	3	0	1	0	1	3	1	1	1	1	0	1	1	1	3	1	1	2	2	1	0	0	0	1	2	0	1	1	1	3	1	1	0	1	0	1	2	0	1	1	0	1	3	0	1	0	0	1	0	1	1	1	1	0	1	1	0	1	0	0	1	2	1	0	0	1	1	1	0	1	1	1	1	1	0	2	0	1	1	1	1	0	1	1	1	2	1	0	0	0	1	1	1	1	0	0	1	0	0	0	0	1	0	1	1	0	1	1	0	1	1	1	1	1	1	0	1	1	1	1	2	0	0	0	0	1	1	0	1	1	0	1	0	0	0
yeeI	1	0	1	0	0	0	0	0	0	0	0	1	0	1	1	0	1	0	0	0	1	1	0	0	0	1	0	1	0	0	0	0	0	1	0	1	1	0	0	1	0	0	0	0	1	0	0	1	0	0	0	0	1	1	0	1	0	0	0	1	1	0	1	1	1	0	1	0	1	0	0	0	0	1	0	0	0	1	0	0	0	1	0	0	0	0	0	1	0	0	0	0	1	0	0	0	0	0	1	1	0	0	0	1	0	1	1	0	0	0	0	1	0	0	0	0	1	0	0	0	0	1	0	0	0	0	1	0	0	0	0	0	0	0	0	0	0	0	0	1	0	0	1	0	0	0	0	0	0	0	0	1	1	0	0	0	0	1	1	0	1	1	1	1	0	1	0	0	1	0	0	1	0	0	0	1	0	0	1	0	0	0	1	0	1	0	1	1	0	0	0	0	0	1	0	1	1	1
yeeR	1	0	1	0	0	0	0	0	0	0	0	1	0	1	1	0	1	0	0	0	1	1	0	0	0	1	0	1	0	0	0	0	0	1	0	1	1	0	0	1	0	0	0	0	1	0	0	1	0	0	0	0	1	1	0	1	0	0	0	1	1	0	1	1	1	0	1	0	1	0	0	0	0	1	0	0	0	1	0	0	0	1	0	0	0	0	0	1	0	0	0	0	1	0	0	0	0	0	1	1	0	0	0	1	0	1	1	0	0	0	0	1	0	0	0	0	1	0	0	0	0	1	0	0	0	0	1	0	0	0	0	0	0	0	0	0	0	0	0	1	0	0	1	0	0	0	0	0	0	0	0	1	1	0	0	0	0	1	1	0	1	1	1	1	0	1	0	0	1	0	0	1	0	0	0	1	0	0	1	0	0	0	1	0	1	0	1	1	0	0	0	0	0	1	0	1	1	1
yeeU	1	0	1	0	0	0	0	0	0	0	0	1	0	1	1	0	1	0	0	0	1	1	0	0	0	1	0	1	0	0	0	0	0	1	0	1	1	0	0	1	0	0	0	0	1	0	0	1	0	0	0	0	1	1	0	1	0	0	0	1	1	0	1	1	1	0	1	0	1	0	0	0	0	1	0	0	0	1	0	0	0	1	0	0	0	0	0	1	0	0	0	0	1	0	0	0	0	0	1	1	0	0	0	1	0	1	1	0	0	0	0	1	0	0	0	0	1	0	0	0	0	1	0	0	0	0	1	0	0	0	0	0	0	0	0	0	0	0	0	1	0	0	1	0	0	0	0	0	0	0	0	1	1	0	0	0	0	1	1	0	1	1	1	1	0	1	0	0	1	0	0	1	0	0	0	1	0	0	1	0	0	0	1	0	1	0	1	1	0	0	0	0	0	1	0	1	1	1
yegO	1	0	1	0	0	0	0	0	0	0	0	1	0	1	1	0	1	0	0	0	1	1	0	0	0	1	0	1	0	0	0	0	0	1	0	1	1	0	0	1	0	0	0	0	1	0	0	1	0	0	0	0	1	1	0	1	0	0	0	1	1	0	1	1	1	0	1	0	1	0	0	0	0	1	0	0	0	1	0	0	0	1	0	0	0	0	0	1	0	0	0	0	1	0	0	0	0	0	1	1	0	0	0	1	0	1	1	0	0	0	0	1	0	0	0	0	1	0	0	0	0	1	0	0	0	0	1	0	0	0	0	0	0	0	0	0	0	0	0	1	0	0	1	0	0	0	0	0	0	0	0	1	1	0	0	0	0	1	1	0	1	1	1	1	0	1	0	0	1	0	0	1	0	0	0	1	0	0	1	0	0	0	1	0	1	0	1	1	0	0	0	0	0	1	0	1	1	1
yfaQ	0	0	0	0	1	0	0	0	0	1	1	0	0	0	0	0	0	1	0	0	0	0	0	0	1	0	1	0	1	0	0	1	0	0	0	0	0	0	1	0	0	0	0	0	0	0	1	0	0	1	0	0	0	0	0	0	0	0	1	1	0	0	1	1	0	1	0	0	1	0	1	0	1	0	0	0	0	1	0	0	0	0	1	0	0	0	0	1	0	0	0	1	1	1	0	0	0	0	1	1	0	1	0	0	1	1	0	0	0	0	1	0	0	0	0	1	0	1	0	0	0	0	0	0	0	0	0	0	1	0	0	0	0	0	0	0	1	0	1	0	0	1	1	1	0	1	0	1	1	1	0	0	0	1	1	0	1	0	0	1	0	0	0	0	1	0	0	0	0	1	0	0	0	1	0	0	0	0	0	1	0	0	0	1	0	0	0	0	0	1	0	0	1	0	0	0	0	0
yfcTU	1	0	1	0	0	0	0	0	0	0	0	1	0	1	1	0	1	0	0	0	1	1	0	0	0	1	0	1	0	0	0	0	0	1	0	1	1	0	0	1	0	0	0	0	1	0	0	1	0	0	0	0	1	1	0	1	0	0	0	1	1	0	1	1	1	0	1	0	1	0	0	0	0	1	0	0	0	1	0	0	0	1	0	0	0	0	0	1	0	0	0	0	1	0	0	0	0	0	1	1	0	0	0	1	0	1	1	0	0	0	0	1	0	0	0	0	1	0	0	0	0	1	0	0	0	0	1	0	0	0	0	0	0	0	0	0	0	0	0	1	0	0	1	0	0	0	0	0	0	0	0	1	1	0	0	0	0	1	1	0	1	1	1	1	0	1	0	0	1	0	0	1	0	0	0	1	0	0	1	0	0	0	1	0	1	0	1	1	0	0	0	0	0	1	0	1	1	1
yfhR	0	1	0	0	0	0	1	0	1	0	0	0	0	0	0	0	0	1	1	0	1	0	1	0	0	0	0	0	0	0	1	0	0	0	0	0	0	0	0	0	0	1	0	1	0	0	0	0	1	0	0	0	0	0	1	1	0	0	0	0	0	0	0	1	0	0	0	0	1	1	0	0	0	0	1	1	0	1	0	0	1	1	0	0	0	0	0	0	0	1	0	0	1	0	0	0	0	0	0	0	0	0	0	0	0	1	0	1	0	0	0	0	0	0	1	0	0	0	1	0	1	0	0	1	1	1	0	0	0	1	1	0	1	1	1	0	0	0	1	0	0	0	0	0	0	0	1	0	1	0	0	0	0	0	0	1	0	0	0	1	0	0	0	0	0	0	1	0	0	0	0	0	0	0	1	0	1	1	0	0	0	0	0	1	0	0	0	0	1	0	0	0	0	0	1	0	0	0
yfiQ	0	0	0	1	0	1	0	1	0	0	0	0	1	0	0	0	0	1	0	0	1	0	0	0	0	0	0	0	0	0	0	0	1	0	0	0	0	1	0	0	0	0	0	0	0	0	0	0	0	0	1	0	0	0	0	0	0	0	0	0	0	1	0	1	0	0	0	1	1	0	0	1	0	0	0	0	1	1	1	1	1	1	0	0	0	0	1	1	0	0	1	0	1	0	1	0	1	0	0	1	0	0	1	0	0	1	0	0	0	0	0	0	1	1	0	0	0	0	0	0	0	0	0	0	1	0	0	0	0	0	0	0	0	0	0	1	0	0	0	0	1	0	0	0	0	0	0	0	0	0	0	0	0	0	0	0	0	0	0	1	0	0	0	0	0	0	0	1	0	0	1	0	1	0	0	1	0	0	0	0	1	1	1	0	0	0	0	0	0	0	0	1	0	0	0	0	0	0
ygbK	1	0	1	0	0	0	0	0	0	0	0	1	0	1	1	0	1	0	0	0	1	1	0	0	0	1	0	1	0	0	0	0	0	1	0	1	1	0	0	1	0	0	0	0	1	0	0	1	0	0	0	0	1	1	0	1	0	0	0	1	1	0	1	1	1	0	1	0	1	0	0	0	0	1	0	0	0	1	0	0	0	1	0	0	0	0	0	1	0	0	0	0	1	0	0	0	0	0	1	1	0	0	0	1	0	1	1	0	0	0	0	1	0	0	0	0	1	0	0	0	0	1	0	0	0	0	1	0	0	0	0	0	0	0	0	0	0	0	0	1	0	0	1	0	0	0	0	0	0	0	0	1	1	0	0	0	0	1	1	0	1	1	1	1	0	1	0	0	1	0	0	1	0	0	0	1	0	0	1	0	0	0	1	0	1	0	1	1	0	0	0	0	0	1	0	1	1	1
ygbO	0	0	0	0	1	0	0	0	0	1	1	0	0	0	0	0	0	1	0	0	0	0	0	0	1	0	1	0	1	0	0	1	0	0	0	0	0	0	1	0	0	0	0	0	0	0	1	0	0	1	0	0	0	0	0	0	0	0	1	1	0	0	1	1	0	1	0	0	1	0	1	0	1	0	0	0	0	1	0	0	0	0	1	0	0	0	0	1	0	0	0	1	1	1	0	0	0	0	1	1	0	1	0	0	1	1	0	0	0	0	1	0	0	0	0	1	0	1	0	0	0	0	0	0	0	0	0	0	1	0	0	0	0	0	0	0	1	0	1	0	0	1	1	1	0	1	0	1	1	1	0	0	0	1	1	0	1	0	0	1	0	0	0	0	1	0	0	0	0	1	0	0	0	1	0	0	0	0	0	1	0	0	0	1	0	0	0	0	0	1	0	0	1	0	0	0	0	0
yggM	0	0	0	1	0	1	0	1	0	0	0	0	1	0	0	0	0	1	0	0	1	0	0	0	0	0	0	0	0	0	0	0	1	0	0	0	0	1	0	0	0	0	0	0	0	0	0	0	0	0	1	0	0	0	0	0	0	0	0	0	0	1	0	1	0	0	0	1	1	0	0	1	0	0	0	0	1	1	1	1	1	1	0	0	0	0	1	1	0	0	1	0	1	0	1	0	1	0	0	1	0	0	1	0	0	1	0	0	0	0	0	0	1	1	0	0	0	0	0	0	0	0	0	0	1	0	0	0	0	0	0	0	0	0	0	1	0	0	0	0	1	0	0	0	0	0	0	0	0	0	0	0	0	0	0	0	0	0	0	1	0	0	0	0	0	0	0	1	0	0	1	0	1	0	0	1	0	0	0	0	1	1	1	0	0	0	0	0	0	0	0	1	0	0	0	0	0	0
yghS	1	0	1	0	0	0	0	0	0	0	0	1	0	1	1	0	1	0	0	0	1	1	0	0	0	1	0	1	0	0	0	0	0	1	0	1	1	0	0	1	0	0	0	0	1	0	0	1	0	0	0	0	1	1	0	1	0	0	0	1	1	0	1	1	1	0	1	0	1	0	0	0	0	1	0	0	0	1	0	0	0	1	0	0	0	0	0	1	0	0	0	0	1	0	0	0	0	0	1	1	0	0	0	1	0	1	1	0	0	0	0	1	0	0	0	0	1	0	0	0	0	1	0	0	0	0	1	0	0	0	0	0	0	0	0	0	0	0	0	1	0	0	1	0	0	0	0	0	0	0	0	1	1	0	0	0	0	1	1	0	1	1	1	1	0	1	0	0	1	0	0	1	0	0	0	1	0	0	1	0	0	0	1	0	1	0	1	1	0	0	0	0	0	1	0	1	1	1
ygjD	0	0	0	1	0	1	0	1	0	0	0	0	1	0	0	0	0	1	0	0	1	0	0	0	0	0	0	0	0	0	0	0	1	0	0	0	0	1	0	0	0	0	0	0	0	0	0	0	0	0	1	0	0	0	0	0	0	0	0	0	0	1	0	1	0	0	0	1	1	0	0	1	0	0	0	0	1	1	1	1	1	1	0	0	0	0	1	1	0	0	1	0	1	0	1	0	1	0	0	1	0	0	1	0	0	1	0	0	0	0	0	0	1	1	0	0	0	0	0	0	0	0	0	0	1	0	0	0	0	0	0	0	0	0	0	1	0	0	0	0	1	0	0	0	0	0	0	0	0	0	0	0	0	0	0	0	0	0	0	1	0	0	0	0	0	0	0	1	0	0	1	0	1	0	0	1	0	0	0	0	1	1	1	0	0	0	0	0	0	0	0	1	0	0	0	0	0	0
ygjG	0	0	1	0	1	0	0	1	0	1	1	0	0	0	0	1	0	2	0	1	1	0	0	1	1	0	1	0	1	1	0	1	0	0	1	0	0	1	1	0	1	0	1	0	0	0	1	0	0	2	0	1	0	0	0	0	1	1	1	1	0	0	2	2	0	1	0	0	2	0	2	1	1	0	0	0	0	1	0	0	0	0	1	1	1	1	0	1	1	1	0	1	2	1	0	1	0	1	2	1	1	1	0	0	1	2	0	0	1	0	1	0	0	0	0	1	0	1	0	0	0	0	1	0	1	0	0	1	2	0	0	0	0	0	0	1	1	1	1	0	0	1	1	1	1	1	0	1	1	1	1	0	0	1	1	0	1	0	0	1	0	0	0	0	1	0	0	0	0	1	0	0	0	1	0	1	0	0	0	1	0	0	0	1	0	1	0	1	0	1	1	0	1	0	0	0	0	0
yhbG	0	1	0	0	0	0	1	0	1	0	0	0	0	0	0	0	0	1	1	0	1	0	1	0	0	0	0	0	0	0	1	0	0	0	0	0	0	0	0	0	0	1	0	1	0	0	0	0	1	0	0	0	0	0	1	1	0	0	0	0	0	0	0	1	0	0	0	0	1	1	0	0	0	0	1	1	0	1	0	0	1	1	0	0	0	0	0	0	0	1	0	0	1	0	0	0	0	0	0	0	0	0	0	0	0	1	0	1	0	0	0	0	0	0	1	0	0	0	1	0	1	0	0	1	1	1	0	0	0	1	1	0	1	1	1	0	0	0	1	0	0	0	0	0	0	0	1	0	1	0	0	0	0	0	0	1	0	0	0	1	0	0	0	0	0	0	1	0	0	0	0	0	0	0	1	0	1	1	0	0	0	0	0	1	0	0	0	0	1	0	0	0	0	0	1	0	0	0
yhdG	1	0	2	1	0	1	0	2	0	0	0	1	1	1	1	1	1	2	0	1	3	1	0	1	0	1	0	1	0	1	0	0	1	1	1	1	1	2	1	1	1	0	1	0	1	1	0	1	0	1	1	1	1	1	0	1	1	1	0	1	1	1	3	4	1	0	1	1	4	0	1	2	0	1	0	0	1	2	1	1	1	2	0	1	1	1	1	2	1	2	1	0	3	0	1	1	1	1	2	2	1	0	1	1	0	4	1	0	1	1	0	1	1	1	0	0	1	1	0	1	0	1	1	0	2	0	1	1	1	0	0	1	0	0	0	2	0	1	0	1	1	0	1	0	1	0	0	0	0	0	1	1	1	0	0	0	0	1	1	1	1	1	1	1	0	1	0	1	1	0	1	1	1	1	0	1	0	0	1	0	1	1	2	0	1	1	1	2	0	0	1	1	0	1	0	1	1	1
yhdJ	0	1	0	0	0	0	1	0	1	0	0	0	0	0	0	0	0	1	1	0	1	0	1	0	0	0	0	0	0	0	1	0	0	0	0	0	0	0	0	0	0	1	0	1	0	0	0	0	1	0	0	0	0	0	1	1	0	0	0	0	0	0	0	1	0	0	0	0	1	1	0	0	0	0	1	1	0	1	0	0	1	1	0	0	0	0	0	0	0	1	0	0	1	0	0	0	0	0	0	0	0	0	0	0	0	1	0	1	0	0	0	0	0	0	1	0	0	0	1	0	1	0	0	1	1	1	0	0	0	1	1	0	1	1	1	0	0	0	1	0	0	0	0	0	0	0	1	0	1	0	0	0	0	0	0	1	0	0	0	1	0	0	0	0	0	0	1	0	0	0	0	0	0	0	1	0	1	1	0	0	0	0	0	1	0	0	0	0	1	0	0	0	0	0	1	0	0	0
yhfX	0	1	0	0	0	0	1	0	1	0	0	0	0	0	0	0	0	1	1	0	1	0	1	0	0	0	0	0	0	0	1	0	0	0	0	0	0	0	0	0	0	1	0	1	0	0	0	0	1	0	0	0	0	0	1	1	0	0	0	0	0	0	0	1	0	0	0	0	1	1	0	0	0	0	1	1	0	1	0	0	1	1	0	0	0	0	0	0	0	1	0	0	1	0	0	0	0	0	0	0	0	0	0	0	0	1	0	1	0	0	0	0	0	0	1	0	0	0	1	0	1	0	0	1	1	1	0	0	0	1	1	0	1	1	1	0	0	0	1	0	0	0	0	0	0	0	1	0	1	0	0	0	0	0	0	1	0	0	0	1	0	0	0	0	0	0	1	0	0	0	0	0	0	0	1	0	1	1	0	0	0	0	0	1	0	0	0	0	1	0	0	0	0	0	1	0	0	0
yhhN	1	0	1	0	0	0	0	0	0	0	0	1	0	1	1	0	1	0	0	0	1	1	0	0	0	1	0	1	0	0	0	0	0	1	0	1	1	0	0	1	0	0	0	0	1	0	0	1	0	0	0	0	1	1	0	1	0	0	0	1	1	0	1	1	1	0	1	0	1	0	0	0	0	1	0	0	0	1	0	0	0	1	0	0	0	0	0	1	0	0	0	0	1	0	0	0	0	0	1	1	0	0	0	1	0	1	1	0	0	0	0	1	0	0	0	0	1	0	0	0	0	1	0	0	0	0	1	0	0	0	0	0	0	0	0	0	0	0	0	1	0	0	1	0	0	0	0	0	0	0	0	1	1	0	0	0	0	1	1	0	1	1	1	1	0	1	0	0	1	0	0	1	0	0	0	1	0	0	1	0	0	0	1	0	1	0	1	1	0	0	0	0	0	1	0	1	1	1
yicC	0	0	0	0	1	0	0	0	0	1	1	0	0	0	0	0	0	1	0	0	0	0	0	0	1	0	1	0	1	0	0	1	0	0	0	0	0	0	1	0	0	0	0	0	0	0	1	0	0	1	0	0	0	0	0	0	0	0	1	1	0	0	1	1	0	1	0	0	1	0	1	0	1	0	0	0	0	1	0	0	0	0	1	0	0	0	0	1	0	0	0	1	1	1	0	0	0	0	1	1	0	1	0	0	1	1	0	0	0	0	1	0	0	0	0	1	0	1	0	0	0	0	0	0	0	0	0	0	1	0	0	0	0	0	0	0	1	0	1	0	0	1	1	1	0	1	0	1	1	1	0	0	0	1	1	0	1	0	0	1	0	0	0	0	1	0	0	0	0	1	0	0	0	1	0	0	0	0	0	1	0	0	0	1	0	0	0	0	0	1	0	0	1	0	0	0	0	0
yicL	0	0	0	1	0	1	0	1	0	0	0	0	1	0	0	0	0	1	0	0	1	0	0	0	0	0	0	0	0	0	0	0	1	0	0	0	0	1	0	0	0	0	0	0	0	0	0	0	0	0	1	0	0	0	0	0	0	0	0	0	0	1	0	1	0	0	0	1	1	0	0	1	0	0	0	0	1	1	1	1	1	1	0	0	0	0	1	1	0	0	1	0	1	0	1	0	1	0	0	1	0	0	1	0	0	1	0	0	0	0	0	0	1	1	0	0	0	0	0	0	0	0	0	0	1	0	0	0	0	0	0	0	0	0	0	1	0	0	0	0	1	0	0	0	0	0	0	0	0	0	0	0	0	0	0	0	0	0	0	1	0	0	0	0	0	0	0	1	0	0	1	0	1	0	0	1	0	0	0	0	1	1	1	0	0	0	0	0	0	0	0	1	0	0	0	0	0	0
yieH	0	0	0	1	0	1	0	1	0	0	0	0	1	0	0	0	0	1	0	0	1	0	0	0	0	0	0	0	0	0	0	0	1	0	0	0	0	1	0	0	0	0	0	0	0	0	0	0	0	0	1	0	0	0	0	0	0	0	0	0	0	1	0	1	0	0	0	1	1	0	0	1	0	0	0	0	1	1	1	1	1	1	0	0	0	0	1	1	0	0	1	0	1	0	1	0	1	0	0	1	0	0	1	0	0	1	0	0	0	0	0	0	1	1	0	0	0	0	0	0	0	0	0	0	1	0	0	0	0	0	0	0	0	0	0	1	0	0	0	0	1	0	0	0	0	0	0	0	0	0	0	0	0	0	0	0	0	0	0	1	0	0	0	0	0	0	0	1	0	0	1	0	1	0	0	1	0	0	0	0	1	1	1	0	0	0	0	0	0	0	0	1	0	0	0	0	0	0
yieO	1	0	1	1	0	1	0	1	0	0	0	1	1	1	1	0	1	1	0	0	2	1	0	0	0	1	0	1	0	0	0	0	1	1	0	1	1	1	0	1	0	0	0	0	1	0	0	1	0	0	1	0	1	1	0	1	0	0	0	1	1	1	1	2	1	0	1	1	2	0	0	1	0	1	0	0	1	2	1	1	1	2	0	0	0	0	1	2	0	0	1	0	2	0	1	0	1	0	1	2	0	0	1	1	0	2	1	0	0	0	0	1	1	1	0	0	1	0	0	0	0	1	0	0	1	0	1	0	0	0	0	0	0	0	0	1	0	0	0	1	1	0	1	0	0	0	0	0	0	0	0	1	1	0	0	0	0	1	1	1	1	1	1	1	0	1	0	1	1	0	1	1	1	0	0	2	0	0	1	0	1	1	1	0	1	0	1	1	0	0	0	1	0	1	0	1	1	1
yihP	0	1	0	0	1	0	1	0	1	1	1	0	0	0	0	0	0	2	1	0	1	0	1	0	1	0	1	0	1	0	1	1	0	0	0	0	0	0	1	0	0	1	0	1	0	0	1	0	1	1	0	0	0	0	1	1	0	0	1	1	0	0	1	2	0	1	0	0	2	1	1	0	1	0	1	1	0	2	0	0	1	1	1	0	0	0	0	1	0	1	0	1	2	1	0	0	0	0	1	1	0	1	0	0	1	2	0	1	0	0	1	0	0	0	1	1	0	1	1	0	1	0	0	1	1	1	0	0	1	1	1	0	1	1	1	0	1	0	2	0	0	1	1	1	0	1	1	1	2	1	0	0	0	1	1	1	1	0	0	2	0	0	0	0	1	0	1	0	0	1	0	0	0	1	1	0	1	1	0	1	0	0	0	1	0	0	0	0	1	1	0	0	1	0	1	0	0	0
yihR	1	0	1	0	0	0	0	0	0	0	0	1	0	1	1	0	1	0	0	0	1	1	0	0	0	1	0	1	0	0	0	0	0	1	0	1	1	0	0	1	0	0	0	0	1	0	0	1	0	0	0	0	1	1	0	1	0	0	0	1	1	0	1	1	1	0	1	0	1	0	0	0	0	1	0	0	0	1	0	0	0	1	0	0	0	0	0	1	0	0	0	0	1	0	0	0	0	0	1	1	0	0	0	1	0	1	1	0	0	0	0	1	0	0	0	0	1	0	0	0	0	1	0	0	0	0	1	0	0	0	0	0	0	0	0	0	0	0	0	1	0	0	1	0	0	0	0	0	0	0	0	1	1	0	0	0	0	1	1	0	1	1	1	1	0	1	0	0	1	0	0	1	0	0	0	1	0	0	1	0	0	0	1	0	1	0	1	1	0	0	0	0	0	1	0	1	1	1
yjcE	0	0	1	0	0	0	0	1	0	0	0	0	0	0	0	1	0	1	0	1	1	0	0	1	0	0	0	0	0	1	0	0	0	0	1	0	0	1	0	0	1	0	1	0	0	0	0	0	0	1	0	1	0	0	0	0	1	1	0	0	0	0	1	1	0	0	0	0	1	0	1	1	0	0	0	0	0	0	0	0	0	0	0	1	1	1	0	0	1	1	0	0	1	0	0	1	0	1	1	0	1	0	0	0	0	1	0	0	1	0	0	0	0	0	0	0	0	0	0	0	0	0	1	0	1	0	0	1	1	0	0	0	0	0	0	1	0	1	0	0	0	0	0	0	1	0	0	0	0	0	1	0	0	0	0	0	0	0	0	0	0	0	0	0	0	0	0	0	0	0	0	0	0	1	0	1	0	0	0	0	0	0	0	0	0	1	0	1	0	0	1	0	0	0	0	0	0	0
yjeB	1	0	1	0	0	0	0	0	0	0	0	1	0	1	1	0	1	0	0	0	1	1	0	0	0	1	0	1	0	0	0	0	0	1	0	1	1	0	0	1	0	0	0	0	1	0	0	1	0	0	0	0	1	1	0	1	0	0	0	1	1	0	1	1	1	0	1	0	1	0	0	0	0	1	0	0	0	1	0	0	0	1	0	0	0	0	0	1	0	0	0	0	1	0	0	0	0	0	1	1	0	0	0	1	0	1	1	0	0	0	0	1	0	0	0	0	1	0	0	0	0	1	0	0	0	0	1	0	0	0	0	0	0	0	0	0	0	0	0	1	0	0	1	0	0	0	0	0	0	0	0	1	1	0	0	0	0	1	1	0	1	1	1	1	0	1	0	0	1	0	0	1	0	0	0	1	0	0	1	0	0	0	1	0	1	0	1	1	0	0	0	0	0	1	0	1	1	1
yjgM	1	0	2	0	0	0	0	1	0	0	0	1	0	1	1	1	1	1	0	1	2	1	0	1	0	1	0	1	0	1	0	0	0	1	1	1	1	1	0	1	1	0	1	0	1	0	0	1	0	1	0	1	1	1	0	1	1	1	0	1	1	0	2	2	1	0	1	0	2	0	1	1	0	1	0	0	0	1	0	0	0	1	0	1	1	1	0	1	1	1	0	0	2	0	0	1	0	1	2	1	1	0	0	1	0	2	1	0	1	0	0	1	0	0	0	0	1	0	0	0	0	1	1	0	1	0	1	1	1	0	0	0	0	0	0	1	0	1	0	1	0	0	1	0	1	0	0	0	0	0	1	1	1	0	0	0	0	1	1	0	1	1	1	1	0	1	0	0	1	0	0	1	0	1	0	2	0	0	1	0	0	0	1	0	1	1	1	1	0	0	1	0	0	1	0	1	1	1
yjgN	0	1	0	0	0	0	1	0	1	0	0	0	0	0	0	0	0	1	1	0	1	0	1	0	0	0	0	0	0	0	1	0	0	0	0	0	0	0	0	0	0	1	0	1	0	0	0	0	1	0	0	0	0	0	1	1	0	0	0	0	0	0	0	1	0	0	0	0	1	1	0	0	0	0	1	1	0	1	0	0	1	1	0	0	0	0	0	0	0	1	0	0	1	0	0	0	0	0	0	0	0	0	0	0	0	1	0	1	0	0	0	0	0	0	1	0	0	0	1	0	1	0	0	1	1	1	0	0	0	1	1	0	1	1	1	0	0	0	1	0	0	0	0	0	0	0	1	0	1	0	0	0	0	0	0	1	0	0	0	1	0	0	0	0	0	0	1	0	0	0	0	0	0	0	1	0	1	1	0	0	0	0	0	1	0	0	0	0	1	0	0	0	0	0	1	0	0	0
yjiX	0	0	0	0	1	0	0	0	0	1	1	0	0	0	0	0	0	1	0	0	0	0	0	0	1	0	1	0	1	0	0	1	0	0	0	0	0	0	1	0	0	0	0	0	0	0	1	0	0	1	0	0	0	0	0	0	0	0	1	1	0	0	1	1	0	1	0	0	1	0	1	0	1	0	0	0	0	1	0	0	0	0	1	0	0	0	0	1	0	0	0	1	1	1	0	0	0	0	1	1	0	1	0	0	1	1	0	0	0	0	1	0	0	0	0	1	0	1	0	0	0	0	0	0	0	0	0	0	1	0	0	0	0	0	0	0	1	0	1	0	0	1	1	1	0	1	0	1	1	1	0	0	0	1	1	0	1	0	0	1	0	0	0	0	1	0	0	0	0	1	0	0	0	1	0	0	0	0	0	1	0	0	0	1	0	0	0	0	0	1	0	0	1	0	0	0	0	0
yjjY	0	0	1	0	0	0	0	1	0	0	0	0	0	0	0	1	0	1	0	1	1	0	0	1	0	0	0	0	0	1	0	0	0	0	1	0	0	1	0	0	1	0	1	0	0	0	0	0	0	1	0	1	0	0	0	0	1	1	0	0	0	0	1	1	0	0	0	0	1	0	1	1	0	0	0	0	0	0	0	0	0	0	0	1	1	1	0	0	1	1	0	0	1	0	0	1	0	1	1	0	1	0	0	0	0	1	0	0	1	0	0	0	0	0	0	0	0	0	0	0	0	0	1	0	1	0	0	1	1	0	0	0	0	0	0	1	0	1	0	0	0	0	0	0	1	0	0	0	0	0	1	0	0	0	0	0	0	0	0	0	0	0	0	0	0	0	0	0	0	0	0	0	0	1	0	1	0	0	0	0	0	0	0	0	0	1	0	1	0	0	1	0	0	0	0	0	0	0
ylcG	0	0	0	1	0	1	0	1	0	0	0	0	1	0	0	0	0	1	0	0	1	0	0	0	0	0	0	0	0	0	0	0	1	0	0	0	0	1	0	0	0	0	0	0	0	0	0	0	0	0	1	0	0	0	0	0	0	0	0	0	0	1	0	1	0	0	0	1	1	0	0	1	0	0	0	0	1	1	1	1	1	1	0	0	0	0	1	1	0	0	1	0	1	0	1	0	1	0	0	1	0	0	1	0	0	1	0	0	0	0	0	0	1	1	0	0	0	0	0	0	0	0	0	0	1	0	0	0	0	0	0	0	0	0	0	1	0	0	0	0	1	0	0	0	0	0	0	0	0	0	0	0	0	0	0	0	0	0	0	1	0	0	0	0	0	0	0	1	0	0	1	0	1	0	0	1	0	0	0	0	1	1	1	0	0	0	0	0	0	0	0	1	0	0	0	0	0	0
yliE	0	0	0	0	1	0	0	0	0	1	1	0	0	0	0	0	0	1	0	0	0	0	0	0	1	0	1	0	1	0	0	1	0	0	0	0	0	0	1	0	0	0	0	0	0	0	1	0	0	1	0	0	0	0	0	0	0	0	1	1	0	0	1	1	0	1	0	0	1	0	1	0	1	0	0	0	0	1	0	0	0	0	1	0	0	0	0	1	0	0	0	1	1	1	0	0	0	0	1	1	0	1	0	0	1	1	0	0	0	0	1	0	0	0	0	1	0	1	0	0	0	0	0	0	0	0	0	0	1	0	0	0	0	0	0	0	1	0	1	0	0	1	1	1	0	1	0	1	1	1	0	0	0	1	1	0	1	0	0	1	0	0	0	0	1	0	0	0	0	1	0	0	0	1	0	0	0	0	0	1	0	0	0	1	0	0	0	0	0	1	0	0	1	0	0	0	0	0
yoaE	1	0	1	0	0	0	0	0	0	0	0	1	0	1	1	0	1	0	0	0	1	1	0	0	0	1	0	1	0	0	0	0	0	1	0	1	1	0	0	1	0	0	0	0	1	0	0	1	0	0	0	0	1	1	0	1	0	0	0	1	1	0	1	1	1	0	1	0	1	0	0	0	0	1	0	0	0	1	0	0	0	1	0	0	0	0	0	1	0	0	0	0	1	0	0	0	0	0	1	1	0	0	0	1	0	1	1	0	0	0	0	1	0	0	0	0	1	0	0	0	0	1	0	0	0	0	1	0	0	0	0	0	0	0	0	0	0	0	0	1	0	0	1	0	0	0	0	0	0	0	0	1	1	0	0	0	0	1	1	0	1	1	1	1	0	1	0	0	1	0	0	1	0	0	0	1	0	0	1	0	0	0	1	0	1	0	1	1	0	0	0	0	0	1	0	1	1	1
yqeB	0	1	0	0	0	0	1	0	1	0	0	0	0	0	0	0	0	1	1	0	1	0	1	0	0	0	0	0	0	0	1	0	0	0	0	0	0	0	0	0	0	1	0	1	0	0	0	0	1	0	0	0	0	0	1	1	0	0	0	0	0	0	0	1	0	0	0	0	1	1	0	0	0	0	1	1	0	1	0	0	1	1	0	0	0	0	0	0	0	1	0	0	1	0	0	0	0	0	0	0	0	0	0	0	0	1	0	1	0	0	0	0	0	0	1	0	0	0	1	0	1	0	0	1	1	1	0	0	0	1	1	0	1	1	1	0	0	0	1	0	0	0	0	0	0	0	1	0	1	0	0	0	0	0	0	1	0	0	0	1	0	0	0	0	0	0	1	0	0	0	0	0	0	0	1	0	1	1	0	0	0	0	0	1	0	0	0	0	1	0	0	0	0	0	1	0	0	0
yqhH	1	0	1	0	0	0	0	0	0	0	0	1	0	1	1	0	1	0	0	0	1	1	0	0	0	1	0	1	0	0	0	0	0	1	0	1	1	0	0	1	0	0	0	0	1	0	0	1	0	0	0	0	1	1	0	1	0	0	0	1	1	0	1	1	1	0	1	0	1	0	0	0	0	1	0	0	0	1	0	0	0	1	0	0	0	0	0	1	0	0	0	0	1	0	0	0	0	0	1	1	0	0	0	1	0	1	1	0	0	0	0	1	0	0	0	0	1	0	0	0	0	1	0	0	0	0	1	0	0	0	0	0	0	0	0	0	0	0	0	1	0	0	1	0	0	0	0	0	0	0	0	1	1	0	0	0	0	1	1	0	1	1	1	1	0	1	0	0	1	0	0	1	0	0	0	1	0	0	1	0	0	0	1	0	1	0	1	1	0	0	0	0	0	1	0	1	1	1
yrbA	1	0	1	0	0	0	0	0	0	0	0	1	0	1	1	0	1	0	0	0	1	1	0	0	0	1	0	1	0	0	0	0	0	1	0	1	1	0	0	1	0	0	0	0	1	0	0	1	0	0	0	0	1	1	0	1	0	0	0	1	1	0	1	1	1	0	1	0	1	0	0	0	0	1	0	0	0	1	0	0	0	1	0	0	0	0	0	1	0	0	0	0	1	0	0	0	0	0	1	1	0	0	0	1	0	1	1	0	0	0	0	1	0	0	0	0	1	0	0	0	0	1	0	0	0	0	1	0	0	0	0	0	0	0	0	0	0	0	0	1	0	0	1	0	0	0	0	0	0	0	0	1	1	0	0	0	0	1	1	0	1	1	1	1	0	1	0	0	1	0	0	1	0	0	0	1	0	0	1	0	0	0	1	0	1	0	1	1	0	0	0	0	0	1	0	1	1	1
zntA	1	0	1	0	0	0	0	0	0	0	0	1	0	1	1	0	1	0	0	0	1	1	0	0	0	1	0	1	0	0	0	0	0	1	0	1	1	0	0	1	0	0	0	0	1	0	0	1	0	0	0	0	1	1	0	1	0	0	0	1	1	0	1	1	1	0	1	0	1	0	0	0	0	1	0	0	0	1	0	0	0	1	0	0	0	0	0	1	0	0	0	0	1	0	0	0	0	0	1	1	0	0	0	1	0	1	1	0	0	0	0	1	0	0	0	0	1	0	0	0	0	1	0	0	0	0	1	0	0	0	0	0	0	0	0	0	0	0	0	1	0	0	1	0	0	0	0	0	0	0	0	1	1	0	0	0	0	1	1	0	1	1	1	1	0	1	0	0	1	0	0	1	0	0	0	1	0	0	1	0	0	0	1	0	1	0	1	1	0	0	0	0	0	1	0	1	1	1
