	ECB_00737	ECB_01992	ECB_02012	ECB_02797	ECB_02816	ECB_02852	ECB_03710	ECB_03722	acpP	acs	appC	appY	arcA	blr	cirA	cls	cpsG	cpxR	cusR	cycA	envZ	fabF	flgB	flu	galF	gltA	gmhB	hokB	hokD	hpaX	hsdS	hslU	hupB	hyfA	iap	iclR	ilvL	infB	infC	lacZ	lon	lrp	malT	menC	metH	metJ	mntH	mokC	mreB	mreC	mtlD	nadR	narZ	nudC	oppD	pbpC	pflB	phoH	phoR	plsB	prlA	proX	pykA	pykF	rbsA	rbsB	rbsD	rbsR	recO	rfbB	rnb	rne	rpiR	rplF	rpsA	rpsC	sapA	sapF	speG	spoT	thiI	thrA	trkH	wzy	ybaE	ybaL	ybbN	ybcU	ybeB	ybeM	ybhP	ycdM	yceK	ycfC	yebY	yecE	yeeF	yeeI	yeeR	yeeU	yegO	yfaQ	yfcTU	yggM	yghS	ygjD	ygjG	yhdG	yhdJ	yicL	yieO	yihP	yjcE	yjeB	yjgM	yjgN	yjiX	yjjY	ylcG	yoaE	yqeB	yqhH	yrbA
ECB_00737	1	0	0	0	0	0	1	0	1	0	0	0	1	0	1	0	0	0	0	1	0	0	0	1	0	0	1	1	1	0	0	1	1	0	0	1	0	0	0	1	0	0	1	0	1	0	0	1	0	0	0	1	0	0	0	0	1	1	0	0	0	1	0	1	0	0	0	0	0	0	0	0	1	0	0	0	1	0	0	0	0	0	0	0	0	0	1	0	1	0	0	0	0	1	1	1	0	1	1	1	1	0	1	0	1	0	0	1	0	0	1	0	0	1	1	0	0	0	0	1	0	1	1
ECB_01992	0	1	0	0	1	0	0	1	0	1	0	1	0	0	0	0	1	0	0	0	0	0	0	0	0	0	0	0	0	0	0	1	0	0	0	1	0	1	1	0	0	0	0	0	0	0	1	0	1	0	0	1	0	1	0	1	0	0	1	0	0	0	0	1	0	1	0	0	0	0	0	0	0	0	0	0	0	1	0	1	1	1	0	0	1	0	0	0	0	0	1	0	1	0	0	0	0	0	0	0	0	0	0	0	0	0	1	1	0	0	0	0	1	0	0	0	0	1	0	0	0	0	0
ECB_02012	0	0	1	0	1	0	0	0	0	1	0	0	1	0	0	0	0	0	1	0	1	0	0	0	0	1	0	0	0	1	0	1	0	0	1	0	0	0	1	0	0	0	1	1	1	0	0	1	0	1	0	1	1	0	1	0	0	0	0	0	1	0	0	1	0	0	0	0	1	1	0	0	0	0	0	0	0	0	0	1	0	0	0	0	0	0	0	1	0	0	0	0	0	0	0	0	1	0	0	0	0	0	0	1	0	1	0	1	0	1	1	0	0	0	0	0	0	0	1	0	0	0	0
ECB_02797	0	0	0	1	0	0	0	0	0	0	1	0	1	0	0	0	0	1	0	0	0	0	1	0	0	0	0	0	0	0	0	1	0	0	0	1	1	0	0	0	1	1	1	0	1	0	0	0	1	0	0	1	0	0	0	0	0	0	0	0	0	0	0	1	1	0	0	0	0	0	1	0	0	0	1	0	0	0	1	1	0	0	0	1	0	1	0	0	0	0	0	0	0	0	0	0	0	0	0	0	0	0	0	0	0	0	0	0	1	0	0	1	0	0	0	1	0	0	0	0	1	0	0
ECB_02816	0	1	1	0	1	0	0	1	0	2	0	1	1	0	0	0	1	0	1	0	1	0	0	0	0	1	0	0	0	1	0	2	0	0	1	1	0	1	2	0	0	0	1	1	1	0	1	1	1	1	0	2	1	1	1	1	0	0	1	0	1	0	0	2	0	1	0	0	1	1	0	0	0	0	0	0	0	1	0	2	1	1	0	0	1	0	0	1	0	0	1	0	1	0	0	0	1	0	0	0	0	0	0	1	0	1	1	2	0	1	1	0	1	0	0	0	0	1	1	0	0	0	0
ECB_02852	0	0	0	0	0	1	0	0	0	0	0	0	0	1	0	1	0	0	0	0	0	1	0	0	0	0	0	1	0	0	1	1	0	1	0	1	0	1	0	0	0	0	0	0	0	1	0	1	0	0	1	0	0	0	0	0	1	0	0	1	0	0	1	1	0	0	0	1	0	0	0	1	0	0	0	0	0	0	0	0	0	1	0	0	0	1	0	0	1	1	0	1	0	0	0	0	0	0	0	0	0	1	0	0	0	0	0	0	0	0	0	0	0	0	0	0	1	0	0	0	0	0	0
ECB_03710	1	0	0	0	0	0	1	0	1	0	0	0	1	0	1	0	0	0	0	1	0	0	0	1	0	0	1	1	1	0	0	1	1	0	0	1	0	0	0	1	0	0	1	0	1	0	0	1	0	0	0	1	0	0	0	0	1	1	0	0	0	1	0	1	0	0	0	0	0	0	0	0	1	0	0	0	1	0	0	0	0	0	0	0	0	0	1	0	1	0	0	0	0	1	1	1	0	1	1	1	1	0	1	0	1	0	0	1	0	0	1	0	0	1	1	0	0	0	0	1	0	1	1
ECB_03722	0	1	0	0	1	0	0	1	0	1	0	1	0	0	0	0	1	0	0	0	0	0	0	0	0	0	0	0	0	0	0	1	0	0	0	1	0	1	1	0	0	0	0	0	0	0	1	0	1	0	0	1	0	1	0	1	0	0	1	0	0	0	0	1	0	1	0	0	0	0	0	0	0	0	0	0	0	1	0	1	1	1	0	0	1	0	0	0	0	0	1	0	1	0	0	0	0	0	0	0	0	0	0	0	0	0	1	1	0	0	0	0	1	0	0	0	0	1	0	0	0	0	0
acpP	1	0	0	0	0	0	1	0	1	0	0	0	1	0	1	0	0	0	0	1	0	0	0	1	0	0	1	1	1	0	0	1	1	0	0	1	0	0	0	1	0	0	1	0	1	0	0	1	0	0	0	1	0	0	0	0	1	1	0	0	0	1	0	1	0	0	0	0	0	0	0	0	1	0	0	0	1	0	0	0	0	0	0	0	0	0	1	0	1	0	0	0	0	1	1	1	0	1	1	1	1	0	1	0	1	0	0	1	0	0	1	0	0	1	1	0	0	0	0	1	0	1	1
acs	0	1	1	0	2	0	0	1	0	1	0	1	1	0	0	0	1	0	1	0	1	0	0	0	0	1	0	0	0	1	0	2	0	0	1	1	0	1	2	0	0	0	1	1	1	0	1	1	1	1	0	2	1	1	1	1	0	0	1	0	1	0	0	2	0	1	0	0	1	1	0	0	0	0	0	0	0	1	0	2	1	1	0	0	1	0	0	1	0	0	1	0	1	0	0	0	1	0	0	0	0	0	0	1	0	1	1	2	0	1	1	0	1	0	0	0	0	1	1	0	0	0	0
appC	0	0	0	1	0	0	0	0	0	0	1	0	1	0	0	0	0	1	0	0	0	0	1	0	0	0	0	0	0	0	0	1	0	0	0	1	1	0	0	0	1	1	1	0	1	0	0	0	1	0	0	1	0	0	0	0	0	0	0	0	0	0	0	1	1	0	0	0	0	0	1	0	0	0	1	0	0	0	1	1	0	0	0	1	0	1	0	0	0	0	0	0	0	0	0	0	0	0	0	0	0	0	0	0	0	0	0	0	1	0	0	1	0	0	0	1	0	0	0	0	1	0	0
appY	0	1	0	0	1	0	0	1	0	1	0	1	0	0	0	0	1	0	0	0	0	0	0	0	0	0	0	0	0	0	0	1	0	0	0	1	0	1	1	0	0	0	0	0	0	0	1	0	1	0	0	1	0	1	0	1	0	0	1	0	0	0	0	1	0	1	0	0	0	0	0	0	0	0	0	0	0	1	0	1	1	1	0	0	1	0	0	0	0	0	1	0	1	0	0	0	0	0	0	0	0	0	0	0	0	0	1	1	0	0	0	0	1	0	0	0	0	1	0	0	0	0	0
arcA	1	0	1	1	1	0	1	0	1	1	1	0	1	0	1	0	0	1	1	1	1	0	1	1	0	1	1	1	1	1	0	3	1	0	1	2	1	0	1	1	1	1	3	1	3	0	0	2	1	1	0	3	1	0	1	0	1	1	0	0	1	1	0	3	1	0	0	0	1	1	1	0	1	0	1	0	1	0	1	2	0	0	0	1	0	1	1	1	1	0	0	0	0	1	1	1	1	1	1	1	1	0	1	1	1	1	0	2	1	1	2	1	0	1	1	1	0	0	1	1	1	1	1
blr	0	0	0	0	0	1	0	0	0	0	0	0	0	1	0	1	0	0	0	0	0	1	0	0	0	0	0	1	0	0	1	1	0	1	0	1	0	1	0	0	0	0	0	0	0	1	0	1	0	0	1	0	0	0	0	0	1	0	0	1	0	0	1	1	0	0	0	1	0	0	0	1	0	0	0	0	0	0	0	0	0	1	0	0	0	1	0	0	1	1	0	1	0	0	0	0	0	0	0	0	0	1	0	0	0	0	0	0	0	0	0	0	0	0	0	0	1	0	0	0	0	0	0
cirA	1	0	0	0	0	0	1	0	1	0	0	0	1	0	1	0	0	0	0	1	0	0	0	1	0	0	1	1	1	0	0	1	1	0	0	1	0	0	0	1	0	0	1	0	1	0	0	1	0	0	0	1	0	0	0	0	1	1	0	0	0	1	0	1	0	0	0	0	0	0	0	0	1	0	0	0	1	0	0	0	0	0	0	0	0	0	1	0	1	0	0	0	0	1	1	1	0	1	1	1	1	0	1	0	1	0	0	1	0	0	1	0	0	1	1	0	0	0	0	1	0	1	1
cls	0	0	0	0	0	1	0	0	0	0	0	0	0	1	0	1	0	0	0	0	0	1	0	0	0	0	0	1	0	0	1	1	0	1	0	1	0	1	0	0	0	0	0	0	0	1	0	1	0	0	1	0	0	0	0	0	1	0	0	1	0	0	1	1	0	0	0	1	0	0	0	1	0	0	0	0	0	0	0	0	0	1	0	0	0	1	0	0	1	1	0	1	0	0	0	0	0	0	0	0	0	1	0	0	0	0	0	0	0	0	0	0	0	0	0	0	1	0	0	0	0	0	0
cpsG	0	1	0	0	1	0	0	1	0	1	0	1	0	0	0	0	1	0	0	0	0	0	0	0	0	0	0	0	0	0	0	1	0	0	0	1	0	1	1	0	0	0	0	0	0	0	1	0	1	0	0	1	0	1	0	1	0	0	1	0	0	0	0	1	0	1	0	0	0	0	0	0	0	0	0	0	0	1	0	1	1	1	0	0	1	0	0	0	0	0	1	0	1	0	0	0	0	0	0	0	0	0	0	0	0	0	1	1	0	0	0	0	1	0	0	0	0	1	0	0	0	0	0
cpxR	0	0	0	1	0	0	0	0	0	0	1	0	1	0	0	0	0	1	0	0	0	0	1	0	0	0	0	0	0	0	0	1	0	0	0	1	1	0	0	0	1	1	1	0	1	0	0	0	1	0	0	1	0	0	0	0	0	0	0	0	0	0	0	1	1	0	0	0	0	0	1	0	0	0	1	0	0	0	1	1	0	0	0	1	0	1	0	0	0	0	0	0	0	0	0	0	0	0	0	0	0	0	0	0	0	0	0	0	1	0	0	1	0	0	0	1	0	0	0	0	1	0	0
cusR	0	0	1	0	1	0	0	0	0	1	0	0	1	0	0	0	0	0	1	0	1	0	0	0	0	1	0	0	0	1	0	1	0	0	1	0	0	0	1	0	0	0	1	1	1	0	0	1	0	1	0	1	1	0	1	0	0	0	0	0	1	0	0	1	0	0	0	0	1	1	0	0	0	0	0	0	0	0	0	1	0	0	0	0	0	0	0	1	0	0	0	0	0	0	0	0	1	0	0	0	0	0	0	1	0	1	0	1	0	1	1	0	0	0	0	0	0	0	1	0	0	0	0
cycA	1	0	0	0	0	0	1	0	1	0	0	0	1	0	1	0	0	0	0	1	0	0	0	1	0	0	1	1	1	0	0	1	1	0	0	1	0	0	0	1	0	0	1	0	1	0	0	1	0	0	0	1	0	0	0	0	1	1	0	0	0	1	0	1	0	0	0	0	0	0	0	0	1	0	0	0	1	0	0	0	0	0	0	0	0	0	1	0	1	0	0	0	0	1	1	1	0	1	1	1	1	0	1	0	1	0	0	1	0	0	1	0	0	1	1	0	0	0	0	1	0	1	1
envZ	0	0	1	0	1	0	0	0	0	1	0	0	1	0	0	0	0	0	1	0	1	0	0	0	0	1	0	0	0	1	0	1	0	0	1	0	0	0	1	0	0	0	1	1	1	0	0	1	0	1	0	1	1	0	1	0	0	0	0	0	1	0	0	1	0	0	0	0	1	1	0	0	0	0	0	0	0	0	0	1	0	0	0	0	0	0	0	1	0	0	0	0	0	0	0	0	1	0	0	0	0	0	0	1	0	1	0	1	0	1	1	0	0	0	0	0	0	0	1	0	0	0	0
fabF	0	0	0	0	0	1	0	0	0	0	0	0	0	1	0	1	0	0	0	0	0	1	0	0	1	0	0	1	0	0	2	2	0	1	0	2	0	1	0	0	0	0	0	0	0	1	0	1	1	0	1	0	0	0	0	0	1	0	0	1	0	0	1	2	0	0	1	1	0	0	0	1	0	1	0	1	0	0	0	0	0	1	1	0	0	1	0	0	1	1	0	1	0	0	0	0	0	0	0	0	0	1	0	0	0	0	0	1	0	0	0	0	0	0	0	0	1	0	0	0	0	0	0
flgB	0	0	0	1	0	0	0	0	0	0	1	0	1	0	0	0	0	1	0	0	0	0	1	0	0	0	0	0	0	0	0	1	0	0	0	1	1	0	0	0	1	1	1	0	1	0	0	0	1	0	0	1	0	0	0	0	0	0	0	0	0	0	0	1	1	0	0	0	0	0	1	0	0	0	1	0	0	0	1	1	0	0	0	1	0	1	0	0	0	0	0	0	0	0	0	0	0	0	0	0	0	0	0	0	0	0	0	0	1	0	0	1	0	0	0	1	0	0	0	0	1	0	0
flu	1	0	0	0	0	0	1	0	1	0	0	0	1	0	1	0	0	0	0	1	0	0	0	1	0	0	1	1	1	0	0	1	1	0	0	1	0	0	0	1	0	0	1	0	1	0	0	1	0	0	0	1	0	0	0	0	1	1	0	0	0	1	0	1	0	0	0	0	0	0	0	0	1	0	0	0	1	0	0	0	0	0	0	0	0	0	1	0	1	0	0	0	0	1	1	1	0	1	1	1	1	0	1	0	1	0	0	1	0	0	1	0	0	1	1	0	0	0	0	1	0	1	1
galF	0	0	0	0	0	0	0	0	0	0	0	0	0	0	0	0	0	0	0	0	0	1	0	0	1	0	0	0	0	0	1	1	0	0	0	1	0	0	0	0	0	0	0	0	0	0	0	0	1	0	0	0	0	0	0	0	0	0	0	0	0	0	0	1	0	0	1	0	0	0	0	0	0	1	0	1	0	0	0	0	0	0	1	0	0	0	0	0	0	0	0	0	0	0	0	0	0	0	0	0	0	0	0	0	0	0	0	1	0	0	0	0	0	0	0	0	0	0	0	0	0	0	0
gltA	0	0	1	0	1	0	0	0	0	1	0	0	1	0	0	0	0	0	1	0	1	0	0	0	0	1	0	0	0	1	0	1	0	0	1	0	0	0	1	0	0	0	1	1	1	0	0	1	0	1	0	1	1	0	1	0	0	0	0	0	1	0	0	1	0	0	0	0	1	1	0	0	0	0	0	0	0	0	0	1	0	0	0	0	0	0	0	1	0	0	0	0	0	0	0	0	1	0	0	0	0	0	0	1	0	1	0	1	0	1	1	0	0	0	0	0	0	0	1	0	0	0	0
gmhB	1	0	0	0	0	0	1	0	1	0	0	0	1	0	1	0	0	0	0	1	0	0	0	1	0	0	1	1	1	0	0	1	1	0	0	1	0	0	0	1	0	0	1	0	1	0	0	1	0	0	0	1	0	0	0	0	1	1	0	0	0	1	0	1	0	0	0	0	0	0	0	0	1	0	0	0	1	0	0	0	0	0	0	0	0	0	1	0	1	0	0	0	0	1	1	1	0	1	1	1	1	0	1	0	1	0	0	1	0	0	1	0	0	1	1	0	0	0	0	1	0	1	1
hokB	1	0	0	0	0	1	1	0	1	0	0	0	1	1	1	1	0	0	0	1	0	1	0	1	0	0	1	1	1	0	1	2	1	1	0	2	0	1	0	1	0	0	1	0	1	1	0	2	0	0	1	1	0	0	0	0	2	1	0	1	0	1	1	2	0	0	0	1	0	0	0	1	1	0	0	0	1	0	0	0	0	1	0	0	0	1	1	0	2	1	0	1	0	1	1	1	0	1	1	1	1	1	1	0	1	0	0	1	0	0	1	0	0	1	1	0	1	0	0	1	0	1	1
hokD	1	0	0	0	0	0	1	0	1	0	0	0	1	0	1	0	0	0	0	1	0	0	0	1	0	0	1	1	1	0	0	1	1	0	0	1	0	0	0	1	0	0	1	0	1	0	0	1	0	0	0	1	0	0	0	0	1	1	0	0	0	1	0	1	0	0	0	0	0	0	0	0	1	0	0	0	1	0	0	0	0	0	0	0	0	0	1	0	1	0	0	0	0	1	1	1	0	1	1	1	1	0	1	0	1	0	0	1	0	0	1	0	0	1	1	0	0	0	0	1	0	1	1
hpaX	0	0	1	0	1	0	0	0	0	1	0	0	1	0	0	0	0	0	1	0	1	0	0	0	0	1	0	0	0	1	0	1	0	0	1	0	0	0	1	0	0	0	1	1	1	0	0	1	0	1	0	1	1	0	1	0	0	0	0	0	1	0	0	1	0	0	0	0	1	1	0	0	0	0	0	0	0	0	0	1	0	0	0	0	0	0	0	1	0	0	0	0	0	0	0	0	1	0	0	0	0	0	0	1	0	1	0	1	0	1	1	0	0	0	0	0	0	0	1	0	0	0	0
hsdS	0	0	0	0	0	1	0	0	0	0	0	0	0	1	0	1	0	0	0	0	0	2	0	0	1	0	0	1	0	0	1	2	0	1	0	2	0	1	0	0	0	0	0	0	0	1	0	1	1	0	1	0	0	0	0	0	1	0	0	1	0	0	1	2	0	0	1	1	0	0	0	1	0	1	0	1	0	0	0	0	0	1	1	0	0	1	0	0	1	1	0	1	0	0	0	0	0	0	0	0	0	1	0	0	0	0	0	1	0	0	0	0	0	0	0	0	1	0	0	0	0	0	0
hslU	1	1	1	1	2	1	1	1	1	2	1	1	3	1	1	1	1	1	1	1	1	2	1	1	1	1	1	2	1	1	2	1	1	1	1	5	1	2	2	1	1	1	3	1	3	1	1	3	3	1	1	4	1	1	1	1	2	1	1	1	1	1	1	6	1	1	1	1	1	1	1	1	1	1	1	1	1	1	1	3	1	2	1	1	1	2	1	1	2	1	1	1	1	1	1	1	1	1	1	1	1	1	1	1	1	1	1	4	1	1	2	1	1	1	1	1	1	1	1	1	1	1	1
hupB	1	0	0	0	0	0	1	0	1	0	0	0	1	0	1	0	0	0	0	1	0	0	0	1	0	0	1	1	1	0	0	1	1	0	0	1	0	0	0	1	0	0	1	0	1	0	0	1	0	0	0	1	0	0	0	0	1	1	0	0	0	1	0	1	0	0	0	0	0	0	0	0	1	0	0	0	1	0	0	0	0	0	0	0	0	0	1	0	1	0	0	0	0	1	1	1	0	1	1	1	1	0	1	0	1	0	0	1	0	0	1	0	0	1	1	0	0	0	0	1	0	1	1
hyfA	0	0	0	0	0	1	0	0	0	0	0	0	0	1	0	1	0	0	0	0	0	1	0	0	0	0	0	1	0	0	1	1	0	1	0	1	0	1	0	0	0	0	0	0	0	1	0	1	0	0	1	0	0	0	0	0	1	0	0	1	0	0	1	1	0	0	0	1	0	0	0	1	0	0	0	0	0	0	0	0	0	1	0	0	0	1	0	0	1	1	0	1	0	0	0	0	0	0	0	0	0	1	0	0	0	0	0	0	0	0	0	0	0	0	0	0	1	0	0	0	0	0	0
iap	0	0	1	0	1	0	0	0	0	1	0	0	1	0	0	0	0	0	1	0	1	0	0	0	0	1	0	0	0	1	0	1	0	0	1	0	0	0	1	0	0	0	1	1	1	0	0	1	0	1	0	1	1	0	1	0	0	0	0	0	1	0	0	1	0	0	0	0	1	1	0	0	0	0	0	0	0	0	0	1	0	0	0	0	0	0	0	1	0	0	0	0	0	0	0	0	1	0	0	0	0	0	0	1	0	1	0	1	0	1	1	0	0	0	0	0	0	0	1	0	0	0	0
iclR	1	1	0	1	1	1	1	1	1	1	1	1	2	1	1	1	1	1	0	1	0	2	1	1	1	0	1	2	1	0	2	5	1	1	0	1	1	2	1	1	1	1	2	0	2	1	1	2	3	0	1	3	0	1	0	1	2	1	1	1	0	1	1	5	1	1	1	1	0	0	1	1	1	1	1	1	1	1	1	2	1	2	1	1	1	2	1	0	2	1	1	1	1	1	1	1	0	1	1	1	1	1	1	0	1	0	1	3	1	0	1	1	1	1	1	1	1	1	0	1	1	1	1
ilvL	0	0	0	1	0	0	0	0	0	0	1	0	1	0	0	0	0	1	0	0	0	0	1	0	0	0	0	0	0	0	0	1	0	0	0	1	1	0	0	0	1	1	1	0	1	0	0	0	1	0	0	1	0	0	0	0	0	0	0	0	0	0	0	1	1	0	0	0	0	0	1	0	0	0	1	0	0	0	1	1	0	0	0	1	0	1	0	0	0	0	0	0	0	0	0	0	0	0	0	0	0	0	0	0	0	0	0	0	1	0	0	1	0	0	0	1	0	0	0	0	1	0	0
infB	0	1	0	0	1	1	0	1	0	1	0	1	0	1	0	1	1	0	0	0	0	1	0	0	0	0	0	1	0	0	1	2	0	1	0	2	0	1	1	0	0	0	0	0	0	1	1	1	1	0	1	1	0	1	0	1	1	0	1	1	0	0	1	2	0	1	0	1	0	0	0	1	0	0	0	0	0	1	0	1	1	2	0	0	1	1	0	0	1	1	1	1	1	0	0	0	0	0	0	0	0	1	0	0	0	0	1	1	0	0	0	0	1	0	0	0	1	1	0	0	0	0	0
infC	0	1	1	0	2	0	0	1	0	2	0	1	1	0	0	0	1	0	1	0	1	0	0	0	0	1	0	0	0	1	0	2	0	0	1	1	0	1	1	0	0	0	1	1	1	0	1	1	1	1	0	2	1	1	1	1	0	0	1	0	1	0	0	2	0	1	0	0	1	1	0	0	0	0	0	0	0	1	0	2	1	1	0	0	1	0	0	1	0	0	1	0	1	0	0	0	1	0	0	0	0	0	0	1	0	1	1	2	0	1	1	0	1	0	0	0	0	1	1	0	0	0	0
lacZ	1	0	0	0	0	0	1	0	1	0	0	0	1	0	1	0	0	0	0	1	0	0	0	1	0	0	1	1	1	0	0	1	1	0	0	1	0	0	0	1	0	0	1	0	1	0	0	1	0	0	0	1	0	0	0	0	1	1	0	0	0	1	0	1	0	0	0	0	0	0	0	0	1	0	0	0	1	0	0	0	0	0	0	0	0	0	1	0	1	0	0	0	0	1	1	1	0	1	1	1	1	0	1	0	1	0	0	1	0	0	1	0	0	1	1	0	0	0	0	1	0	1	1
lon	0	0	0	1	0	0	0	0	0	0	1	0	1	0	0	0	0	1	0	0	0	0	1	0	0	0	0	0	0	0	0	1	0	0	0	1	1	0	0	0	1	1	1	0	1	0	0	0	1	0	0	1	0	0	0	0	0	0	0	0	0	0	0	1	1	0	0	0	0	0	1	0	0	0	1	0	0	0	1	1	0	0	0	1	0	1	0	0	0	0	0	0	0	0	0	0	0	0	0	0	0	0	0	0	0	0	0	0	1	0	0	1	0	0	0	1	0	0	0	0	1	0	0
lrp	0	0	0	1	0	0	0	0	0	0	1	0	1	0	0	0	0	1	0	0	0	0	1	0	0	0	0	0	0	0	0	1	0	0	0	1	1	0	0	0	1	1	1	0	1	0	0	0	1	0	0	1	0	0	0	0	0	0	0	0	0	0	0	1	1	0	0	0	0	0	1	0	0	0	1	0	0	0	1	1	0	0	0	1	0	1	0	0	0	0	0	0	0	0	0	0	0	0	0	0	0	0	0	0	0	0	0	0	1	0	0	1	0	0	0	1	0	0	0	0	1	0	0
malT	1	0	1	1	1	0	1	0	1	1	1	0	3	0	1	0	0	1	1	1	1	0	1	1	0	1	1	1	1	1	0	3	1	0	1	2	1	0	1	1	1	1	1	1	3	0	0	2	1	1	0	3	1	0	1	0	1	1	0	0	1	1	0	3	1	0	0	0	1	1	1	0	1	0	1	0	1	0	1	2	0	0	0	1	0	1	1	1	1	0	0	0	0	1	1	1	1	1	1	1	1	0	1	1	1	1	0	2	1	1	2	1	0	1	1	1	0	0	1	1	1	1	1
menC	0	0	1	0	1	0	0	0	0	1	0	0	1	0	0	0	0	0	1	0	1	0	0	0	0	1	0	0	0	1	0	1	0	0	1	0	0	0	1	0	0	0	1	1	1	0	0	1	0	1	0	1	1	0	1	0	0	0	0	0	1	0	0	1	0	0	0	0	1	1	0	0	0	0	0	0	0	0	0	1	0	0	0	0	0	0	0	1	0	0	0	0	0	0	0	0	1	0	0	0	0	0	0	1	0	1	0	1	0	1	1	0	0	0	0	0	0	0	1	0	0	0	0
metH	1	0	1	1	1	0	1	0	1	1	1	0	3	0	1	0	0	1	1	1	1	0	1	1	0	1	1	1	1	1	0	3	1	0	1	2	1	0	1	1	1	1	3	1	1	0	0	2	1	1	0	3	1	0	1	0	1	1	0	0	1	1	0	3	1	0	0	0	1	1	1	0	1	0	1	0	1	0	1	2	0	0	0	1	0	1	1	1	1	0	0	0	0	1	1	1	1	1	1	1	1	0	1	1	1	1	0	2	1	1	2	1	0	1	1	1	0	0	1	1	1	1	1
metJ	0	0	0	0	0	1	0	0	0	0	0	0	0	1	0	1	0	0	0	0	0	1	0	0	0	0	0	1	0	0	1	1	0	1	0	1	0	1	0	0	0	0	0	0	0	1	0	1	0	0	1	0	0	0	0	0	1	0	0	1	0	0	1	1	0	0	0	1	0	0	0	1	0	0	0	0	0	0	0	0	0	1	0	0	0	1	0	0	1	1	0	1	0	0	0	0	0	0	0	0	0	1	0	0	0	0	0	0	0	0	0	0	0	0	0	0	1	0	0	0	0	0	0
mntH	0	1	0	0	1	0	0	1	0	1	0	1	0	0	0	0	1	0	0	0	0	0	0	0	0	0	0	0	0	0	0	1	0	0	0	1	0	1	1	0	0	0	0	0	0	0	1	0	1	0	0	1	0	1	0	1	0	0	1	0	0	0	0	1	0	1	0	0	0	0	0	0	0	0	0	0	0	1	0	1	1	1	0	0	1	0	0	0	0	0	1	0	1	0	0	0	0	0	0	0	0	0	0	0	0	0	1	1	0	0	0	0	1	0	0	0	0	1	0	0	0	0	0
mokC	1	0	1	0	1	1	1	0	1	1	0	0	2	1	1	1	0	0	1	1	1	1	0	1	0	1	1	2	1	1	1	3	1	1	1	2	0	1	1	1	0	0	2	1	2	1	0	1	0	1	1	2	1	0	1	0	2	1	0	1	1	1	1	3	0	0	0	1	1	1	0	1	1	0	0	0	1	0	0	1	0	1	0	0	0	1	1	1	2	1	0	1	0	1	1	1	1	1	1	1	1	1	1	1	1	1	0	2	0	1	2	0	0	1	1	0	1	0	1	1	0	1	1
mreB	0	1	0	1	1	0	0	1	0	1	1	1	1	0	0	0	1	1	0	0	0	1	1	0	1	0	0	0	0	0	1	3	0	0	0	3	1	1	1	0	1	1	1	0	1	0	1	0	1	0	0	2	0	1	0	1	0	0	1	0	0	0	0	3	1	1	1	0	0	0	1	0	0	1	1	1	0	1	1	2	1	1	1	1	1	1	0	0	0	0	1	0	1	0	0	0	0	0	0	0	0	0	0	0	0	0	1	2	1	0	0	1	1	0	0	1	0	1	0	0	1	0	0
mreC	0	0	1	0	1	0	0	0	0	1	0	0	1	0	0	0	0	0	1	0	1	0	0	0	0	1	0	0	0	1	0	1	0	0	1	0	0	0	1	0	0	0	1	1	1	0	0	1	0	1	0	1	1	0	1	0	0	0	0	0	1	0	0	1	0	0	0	0	1	1	0	0	0	0	0	0	0	0	0	1	0	0	0	0	0	0	0	1	0	0	0	0	0	0	0	0	1	0	0	0	0	0	0	1	0	1	0	1	0	1	1	0	0	0	0	0	0	0	1	0	0	0	0
mtlD	0	0	0	0	0	1	0	0	0	0	0	0	0	1	0	1	0	0	0	0	0	1	0	0	0	0	0	1	0	0	1	1	0	1	0	1	0	1	0	0	0	0	0	0	0	1	0	1	0	0	1	0	0	0	0	0	1	0	0	1	0	0	1	1	0	0	0	1	0	0	0	1	0	0	0	0	0	0	0	0	0	1	0	0	0	1	0	0	1	1	0	1	0	0	0	0	0	0	0	0	0	1	0	0	0	0	0	0	0	0	0	0	0	0	0	0	1	0	0	0	0	0	0
nadR	1	1	1	1	2	0	1	1	1	2	1	1	3	0	1	0	1	1	1	1	1	0	1	1	0	1	1	1	1	1	0	4	1	0	1	3	1	1	2	1	1	1	3	1	3	0	1	2	2	1	0	1	1	1	1	1	1	1	1	0	1	1	0	4	1	1	0	0	1	1	1	0	1	0	1	0	1	1	1	3	1	1	0	1	1	1	1	1	1	0	1	0	1	1	1	1	1	1	1	1	1	0	1	1	1	1	1	3	1	1	2	1	1	1	1	1	0	1	1	1	1	1	1
narZ	0	0	1	0	1	0	0	0	0	1	0	0	1	0	0	0	0	0	1	0	1	0	0	0	0	1	0	0	0	1	0	1	0	0	1	0	0	0	1	0	0	0	1	1	1	0	0	1	0	1	0	1	1	0	1	0	0	0	0	0	1	0	0	1	0	0	0	0	1	1	0	0	0	0	0	0	0	0	0	1	0	0	0	0	0	0	0	1	0	0	0	0	0	0	0	0	1	0	0	0	0	0	0	1	0	1	0	1	0	1	1	0	0	0	0	0	0	0	1	0	0	0	0
nudC	0	1	0	0	1	0	0	1	0	1	0	1	0	0	0	0	1	0	0	0	0	0	0	0	0	0	0	0	0	0	0	1	0	0	0	1	0	1	1	0	0	0	0	0	0	0	1	0	1	0	0	1	0	1	0	1	0	0	1	0	0	0	0	1	0	1	0	0	0	0	0	0	0	0	0	0	0	1	0	1	1	1	0	0	1	0	0	0	0	0	1	0	1	0	0	0	0	0	0	0	0	0	0	0	0	0	1	1	0	0	0	0	1	0	0	0	0	1	0	0	0	0	0
oppD	0	0	1	0	1	0	0	0	0	1	0	0	1	0	0	0	0	0	1	0	1	0	0	0	0	1	0	0	0	1	0	1	0	0	1	0	0	0	1	0	0	0	1	1	1	0	0	1	0	1	0	1	1	0	1	0	0	0	0	0	1	0	0	1	0	0	0	0	1	1	0	0	0	0	0	0	0	0	0	1	0	0	0	0	0	0	0	1	0	0	0	0	0	0	0	0	1	0	0	0	0	0	0	1	0	1	0	1	0	1	1	0	0	0	0	0	0	0	1	0	0	0	0
pbpC	0	1	0	0	1	0	0	1	0	1	0	1	0	0	0	0	1	0	0	0	0	0	0	0	0	0	0	0	0	0	0	1	0	0	0	1	0	1	1	0	0	0	0	0	0	0	1	0	1	0	0	1	0	1	0	1	0	0	1	0	0	0	0	1	0	1	0	0	0	0	0	0	0	0	0	0	0	1	0	1	1	1	0	0	1	0	0	0	0	0	1	0	1	0	0	0	0	0	0	0	0	0	0	0	0	0	1	1	0	0	0	0	1	0	0	0	0	1	0	0	0	0	0
pflB	1	0	0	0	0	1	1	0	1	0	0	0	1	1	1	1	0	0	0	1	0	1	0	1	0	0	1	2	1	0	1	2	1	1	0	2	0	1	0	1	0	0	1	0	1	1	0	2	0	0	1	1	0	0	0	0	1	1	0	1	0	1	1	2	0	0	0	1	0	0	0	1	1	0	0	0	1	0	0	0	0	1	0	0	0	1	1	0	2	1	0	1	0	1	1	1	0	1	1	1	1	1	1	0	1	0	0	1	0	0	1	0	0	1	1	0	1	0	0	1	0	1	1
phoH	1	0	0	0	0	0	1	0	1	0	0	0	1	0	1	0	0	0	0	1	0	0	0	1	0	0	1	1	1	0	0	1	1	0	0	1	0	0	0	1	0	0	1	0	1	0	0	1	0	0	0	1	0	0	0	0	1	1	0	0	0	1	0	1	0	0	0	0	0	0	0	0	1	0	0	0	1	0	0	0	0	0	0	0	0	0	1	0	1	0	0	0	0	1	1	1	0	1	1	1	1	0	1	0	1	0	0	1	0	0	1	0	0	1	1	0	0	0	0	1	0	1	1
phoR	0	1	0	0	1	0	0	1	0	1	0	1	0	0	0	0	1	0	0	0	0	0	0	0	0	0	0	0	0	0	0	1	0	0	0	1	0	1	1	0	0	0	0	0	0	0	1	0	1	0	0	1	0	1	0	1	0	0	1	0	0	0	0	1	0	1	0	0	0	0	0	0	0	0	0	0	0	1	0	1	1	1	0	0	1	0	0	0	0	0	1	0	1	0	0	0	0	0	0	0	0	0	0	0	0	0	1	1	0	0	0	0	1	0	0	0	0	1	0	0	0	0	0
plsB	0	0	0	0	0	1	0	0	0	0	0	0	0	1	0	1	0	0	0	0	0	1	0	0	0	0	0	1	0	0	1	1	0	1	0	1	0	1	0	0	0	0	0	0	0	1	0	1	0	0	1	0	0	0	0	0	1	0	0	1	0	0	1	1	0	0	0	1	0	0	0	1	0	0	0	0	0	0	0	0	0	1	0	0	0	1	0	0	1	1	0	1	0	0	0	0	0	0	0	0	0	1	0	0	0	0	0	0	0	0	0	0	0	0	0	0	1	0	0	0	0	0	0
prlA	0	0	1	0	1	0	0	0	0	1	0	0	1	0	0	0	0	0	1	0	1	0	0	0	0	1	0	0	0	1	0	1	0	0	1	0	0	0	1	0	0	0	1	1	1	0	0	1	0	1	0	1	1	0	1	0	0	0	0	0	1	0	0	1	0	0	0	0	1	1	0	0	0	0	0	0	0	0	0	1	0	0	0	0	0	0	0	1	0	0	0	0	0	0	0	0	1	0	0	0	0	0	0	1	0	1	0	1	0	1	1	0	0	0	0	0	0	0	1	0	0	0	0
proX	1	0	0	0	0	0	1	0	1	0	0	0	1	0	1	0	0	0	0	1	0	0	0	1	0	0	1	1	1	0	0	1	1	0	0	1	0	0	0	1	0	0	1	0	1	0	0	1	0	0	0	1	0	0	0	0	1	1	0	0	0	1	0	1	0	0	0	0	0	0	0	0	1	0	0	0	1	0	0	0	0	0	0	0	0	0	1	0	1	0	0	0	0	1	1	1	0	1	1	1	1	0	1	0	1	0	0	1	0	0	1	0	0	1	1	0	0	0	0	1	0	1	1
pykA	0	0	0	0	0	1	0	0	0	0	0	0	0	1	0	1	0	0	0	0	0	1	0	0	0	0	0	1	0	0	1	1	0	1	0	1	0	1	0	0	0	0	0	0	0	1	0	1	0	0	1	0	0	0	0	0	1	0	0	1	0	0	1	1	0	0	0	1	0	0	0	1	0	0	0	0	0	0	0	0	0	1	0	0	0	1	0	0	1	1	0	1	0	0	0	0	0	0	0	0	0	1	0	0	0	0	0	0	0	0	0	0	0	0	0	0	1	0	0	0	0	0	0
pykF	1	1	1	1	2	1	1	1	1	2	1	1	3	1	1	1	1	1	1	1	1	2	1	1	1	1	1	2	1	1	2	6	1	1	1	5	1	2	2	1	1	1	3	1	3	1	1	3	3	1	1	4	1	1	1	1	2	1	1	1	1	1	1	1	1	1	1	1	1	1	1	1	1	1	1	1	1	1	1	3	1	2	1	1	1	2	1	1	2	1	1	1	1	1	1	1	1	1	1	1	1	1	1	1	1	1	1	4	1	1	2	1	1	1	1	1	1	1	1	1	1	1	1
rbsA	0	0	0	1	0	0	0	0	0	0	1	0	1	0	0	0	0	1	0	0	0	0	1	0	0	0	0	0	0	0	0	1	0	0	0	1	1	0	0	0	1	1	1	0	1	0	0	0	1	0	0	1	0	0	0	0	0	0	0	0	0	0	0	1	1	0	0	0	0	0	1	0	0	0	1	0	0	0	1	1	0	0	0	1	0	1	0	0	0	0	0	0	0	0	0	0	0	0	0	0	0	0	0	0	0	0	0	0	1	0	0	1	0	0	0	1	0	0	0	0	1	0	0
rbsB	0	1	0	0	1	0	0	1	0	1	0	1	0	0	0	0	1	0	0	0	0	0	0	0	0	0	0	0	0	0	0	1	0	0	0	1	0	1	1	0	0	0	0	0	0	0	1	0	1	0	0	1	0	1	0	1	0	0	1	0	0	0	0	1	0	1	0	0	0	0	0	0	0	0	0	0	0	1	0	1	1	1	0	0	1	0	0	0	0	0	1	0	1	0	0	0	0	0	0	0	0	0	0	0	0	0	1	1	0	0	0	0	1	0	0	0	0	1	0	0	0	0	0
rbsD	0	0	0	0	0	0	0	0	0	0	0	0	0	0	0	0	0	0	0	0	0	1	0	0	1	0	0	0	0	0	1	1	0	0	0	1	0	0	0	0	0	0	0	0	0	0	0	0	1	0	0	0	0	0	0	0	0	0	0	0	0	0	0	1	0	0	1	0	0	0	0	0	0	1	0	1	0	0	0	0	0	0	1	0	0	0	0	0	0	0	0	0	0	0	0	0	0	0	0	0	0	0	0	0	0	0	0	1	0	0	0	0	0	0	0	0	0	0	0	0	0	0	0
rbsR	0	0	0	0	0	1	0	0	0	0	0	0	0	1	0	1	0	0	0	0	0	1	0	0	0	0	0	1	0	0	1	1	0	1	0	1	0	1	0	0	0	0	0	0	0	1	0	1	0	0	1	0	0	0	0	0	1	0	0	1	0	0	1	1	0	0	0	1	0	0	0	1	0	0	0	0	0	0	0	0	0	1	0	0	0	1	0	0	1	1	0	1	0	0	0	0	0	0	0	0	0	1	0	0	0	0	0	0	0	0	0	0	0	0	0	0	1	0	0	0	0	0	0
recO	0	0	1	0	1	0	0	0	0	1	0	0	1	0	0	0	0	0	1	0	1	0	0	0	0	1	0	0	0	1	0	1	0	0	1	0	0	0	1	0	0	0	1	1	1	0	0	1	0	1	0	1	1	0	1	0	0	0	0	0	1	0	0	1	0	0	0	0	1	1	0	0	0	0	0	0	0	0	0	1	0	0	0	0	0	0	0	1	0	0	0	0	0	0	0	0	1	0	0	0	0	0	0	1	0	1	0	1	0	1	1	0	0	0	0	0	0	0	1	0	0	0	0
rfbB	0	0	1	0	1	0	0	0	0	1	0	0	1	0	0	0	0	0	1	0	1	0	0	0	0	1	0	0	0	1	0	1	0	0	1	0	0	0	1	0	0	0	1	1	1	0	0	1	0	1	0	1	1	0	1	0	0	0	0	0	1	0	0	1	0	0	0	0	1	1	0	0	0	0	0	0	0	0	0	1	0	0	0	0	0	0	0	1	0	0	0	0	0	0	0	0	1	0	0	0	0	0	0	1	0	1	0	1	0	1	1	0	0	0	0	0	0	0	1	0	0	0	0
rnb	0	0	0	1	0	0	0	0	0	0	1	0	1	0	0	0	0	1	0	0	0	0	1	0	0	0	0	0	0	0	0	1	0	0	0	1	1	0	0	0	1	1	1	0	1	0	0	0	1	0	0	1	0	0	0	0	0	0	0	0	0	0	0	1	1	0	0	0	0	0	1	0	0	0	1	0	0	0	1	1	0	0	0	1	0	1	0	0	0	0	0	0	0	0	0	0	0	0	0	0	0	0	0	0	0	0	0	0	1	0	0	1	0	0	0	1	0	0	0	0	1	0	0
rne	0	0	0	0	0	1	0	0	0	0	0	0	0	1	0	1	0	0	0	0	0	1	0	0	0	0	0	1	0	0	1	1	0	1	0	1	0	1	0	0	0	0	0	0	0	1	0	1	0	0	1	0	0	0	0	0	1	0	0	1	0	0	1	1	0	0	0	1	0	0	0	1	0	0	0	0	0	0	0	0	0	1	0	0	0	1	0	0	1	1	0	1	0	0	0	0	0	0	0	0	0	1	0	0	0	0	0	0	0	0	0	0	0	0	0	0	1	0	0	0	0	0	0
rpiR	1	0	0	0	0	0	1	0	1	0	0	0	1	0	1	0	0	0	0	1	0	0	0	1	0	0	1	1	1	0	0	1	1	0	0	1	0	0	0	1	0	0	1	0	1	0	0	1	0	0	0	1	0	0	0	0	1	1	0	0	0	1	0	1	0	0	0	0	0	0	0	0	1	0	0	0	1	0	0	0	0	0	0	0	0	0	1	0	1	0	0	0	0	1	1	1	0	1	1	1	1	0	1	0	1	0	0	1	0	0	1	0	0	1	1	0	0	0	0	1	0	1	1
rplF	0	0	0	0	0	0	0	0	0	0	0	0	0	0	0	0	0	0	0	0	0	1	0	0	1	0	0	0	0	0	1	1	0	0	0	1	0	0	0	0	0	0	0	0	0	0	0	0	1	0	0	0	0	0	0	0	0	0	0	0	0	0	0	1	0	0	1	0	0	0	0	0	0	1	0	1	0	0	0	0	0	0	1	0	0	0	0	0	0	0	0	0	0	0	0	0	0	0	0	0	0	0	0	0	0	0	0	1	0	0	0	0	0	0	0	0	0	0	0	0	0	0	0
rpsA	0	0	0	1	0	0	0	0	0	0	1	0	1	0	0	0	0	1	0	0	0	0	1	0	0	0	0	0	0	0	0	1	0	0	0	1	1	0	0	0	1	1	1	0	1	0	0	0	1	0	0	1	0	0	0	0	0	0	0	0	0	0	0	1	1	0	0	0	0	0	1	0	0	0	1	0	0	0	1	1	0	0	0	1	0	1	0	0	0	0	0	0	0	0	0	0	0	0	0	0	0	0	0	0	0	0	0	0	1	0	0	1	0	0	0	1	0	0	0	0	1	0	0
rpsC	0	0	0	0	0	0	0	0	0	0	0	0	0	0	0	0	0	0	0	0	0	1	0	0	1	0	0	0	0	0	1	1	0	0	0	1	0	0	0	0	0	0	0	0	0	0	0	0	1	0	0	0	0	0	0	0	0	0	0	0	0	0	0	1	0	0	1	0	0	0	0	0	0	1	0	1	0	0	0	0	0	0	1	0	0	0	0	0	0	0	0	0	0	0	0	0	0	0	0	0	0	0	0	0	0	0	0	1	0	0	0	0	0	0	0	0	0	0	0	0	0	0	0
sapA	1	0	0	0	0	0	1	0	1	0	0	0	1	0	1	0	0	0	0	1	0	0	0	1	0	0	1	1	1	0	0	1	1	0	0	1	0	0	0	1	0	0	1	0	1	0	0	1	0	0	0	1	0	0	0	0	1	1	0	0	0	1	0	1	0	0	0	0	0	0	0	0	1	0	0	0	1	0	0	0	0	0	0	0	0	0	1	0	1	0	0	0	0	1	1	1	0	1	1	1	1	0	1	0	1	0	0	1	0	0	1	0	0	1	1	0	0	0	0	1	0	1	1
sapF	0	1	0	0	1	0	0	1	0	1	0	1	0	0	0	0	1	0	0	0	0	0	0	0	0	0	0	0	0	0	0	1	0	0	0	1	0	1	1	0	0	0	0	0	0	0	1	0	1	0	0	1	0	1	0	1	0	0	1	0	0	0	0	1	0	1	0	0	0	0	0	0	0	0	0	0	0	1	0	1	1	1	0	0	1	0	0	0	0	0	1	0	1	0	0	0	0	0	0	0	0	0	0	0	0	0	1	1	0	0	0	0	1	0	0	0	0	1	0	0	0	0	0
speG	0	0	0	1	0	0	0	0	0	0	1	0	1	0	0	0	0	1	0	0	0	0	1	0	0	0	0	0	0	0	0	1	0	0	0	1	1	0	0	0	1	1	1	0	1	0	0	0	1	0	0	1	0	0	0	0	0	0	0	0	0	0	0	1	1	0	0	0	0	0	1	0	0	0	1	0	0	0	1	1	0	0	0	1	0	1	0	0	0	0	0	0	0	0	0	0	0	0	0	0	0	0	0	0	0	0	0	0	1	0	0	1	0	0	0	1	0	0	0	0	1	0	0
spoT	0	1	1	1	2	0	0	1	0	2	1	1	2	0	0	0	1	1	1	0	1	0	1	0	0	1	0	0	0	1	0	3	0	0	1	2	1	1	2	0	1	1	2	1	2	0	1	1	2	1	0	3	1	1	1	1	0	0	1	0	1	0	0	3	1	1	0	0	1	1	1	0	0	0	1	0	0	1	1	1	1	1	0	1	1	1	0	1	0	0	1	0	1	0	0	0	1	0	0	0	0	0	0	1	0	1	1	2	1	1	1	1	1	0	0	1	0	1	1	0	1	0	0
thiI	0	1	0	0	1	0	0	1	0	1	0	1	0	0	0	0	1	0	0	0	0	0	0	0	0	0	0	0	0	0	0	1	0	0	0	1	0	1	1	0	0	0	0	0	0	0	1	0	1	0	0	1	0	1	0	1	0	0	1	0	0	0	0	1	0	1	0	0	0	0	0	0	0	0	0	0	0	1	0	1	1	1	0	0	1	0	0	0	0	0	1	0	1	0	0	0	0	0	0	0	0	0	0	0	0	0	1	1	0	0	0	0	1	0	0	0	0	1	0	0	0	0	0
thrA	0	1	0	0	1	1	0	1	0	1	0	1	0	1	0	1	1	0	0	0	0	1	0	0	0	0	0	1	0	0	1	2	0	1	0	2	0	2	1	0	0	0	0	0	0	1	1	1	1	0	1	1	0	1	0	1	1	0	1	1	0	0	1	2	0	1	0	1	0	0	0	1	0	0	0	0	0	1	0	1	1	1	0	0	1	1	0	0	1	1	1	1	1	0	0	0	0	0	0	0	0	1	0	0	0	0	1	1	0	0	0	0	1	0	0	0	1	1	0	0	0	0	0
trkH	0	0	0	0	0	0	0	0	0	0	0	0	0	0	0	0	0	0	0	0	0	1	0	0	1	0	0	0	0	0	1	1	0	0	0	1	0	0	0	0	0	0	0	0	0	0	0	0	1	0	0	0	0	0	0	0	0	0	0	0	0	0	0	1	0	0	1	0	0	0	0	0	0	1	0	1	0	0	0	0	0	0	1	0	0	0	0	0	0	0	0	0	0	0	0	0	0	0	0	0	0	0	0	0	0	0	0	1	0	0	0	0	0	0	0	0	0	0	0	0	0	0	0
wzy	0	0	0	1	0	0	0	0	0	0	1	0	1	0	0	0	0	1	0	0	0	0	1	0	0	0	0	0	0	0	0	1	0	0	0	1	1	0	0	0	1	1	1	0	1	0	0	0	1	0	0	1	0	0	0	0	0	0	0	0	0	0	0	1	1	0	0	0	0	0	1	0	0	0	1	0	0	0	1	1	0	0	0	1	0	1	0	0	0	0	0	0	0	0	0	0	0	0	0	0	0	0	0	0	0	0	0	0	1	0	0	1	0	0	0	1	0	0	0	0	1	0	0
ybaE	0	1	0	0	1	0	0	1	0	1	0	1	0	0	0	0	1	0	0	0	0	0	0	0	0	0	0	0	0	0	0	1	0	0	0	1	0	1	1	0	0	0	0	0	0	0	1	0	1	0	0	1	0	1	0	1	0	0	1	0	0	0	0	1	0	1	0	0	0	0	0	0	0	0	0	0	0	1	0	1	1	1	0	0	1	0	0	0	0	0	1	0	1	0	0	0	0	0	0	0	0	0	0	0	0	0	1	1	0	0	0	0	1	0	0	0	0	1	0	0	0	0	0
ybaL	0	0	0	1	0	1	0	0	0	0	1	0	1	1	0	1	0	1	0	0	0	1	1	0	0	0	0	1	0	0	1	2	0	1	0	2	1	1	0	0	1	1	1	0	1	1	0	1	1	0	1	1	0	0	0	0	1	0	0	1	0	0	1	2	1	0	0	1	0	0	1	1	0	0	1	0	0	0	1	1	0	1	0	1	0	1	0	0	1	1	0	1	0	0	0	0	0	0	0	0	0	1	0	0	0	0	0	0	1	0	0	1	0	0	0	1	1	0	0	0	1	0	0
ybbN	1	0	0	0	0	0	1	0	1	0	0	0	1	0	1	0	0	0	0	1	0	0	0	1	0	0	1	1	1	0	0	1	1	0	0	1	0	0	0	1	0	0	1	0	1	0	0	1	0	0	0	1	0	0	0	0	1	1	0	0	0	1	0	1	0	0	0	0	0	0	0	0	1	0	0	0	1	0	0	0	0	0	0	0	0	0	1	0	1	0	0	0	0	1	1	1	0	1	1	1	1	0	1	0	1	0	0	1	0	0	1	0	0	1	1	0	0	0	0	1	0	1	1
ybcU	0	0	1	0	1	0	0	0	0	1	0	0	1	0	0	0	0	0	1	0	1	0	0	0	0	1	0	0	0	1	0	1	0	0	1	0	0	0	1	0	0	0	1	1	1	0	0	1	0	1	0	1	1	0	1	0	0	0	0	0	1	0	0	1	0	0	0	0	1	1	0	0	0	0	0	0	0	0	0	1	0	0	0	0	0	0	0	1	0	0	0	0	0	0	0	0	1	0	0	0	0	0	0	1	0	1	0	1	0	1	1	0	0	0	0	0	0	0	1	0	0	0	0
ybeB	1	0	0	0	0	1	1	0	1	0	0	0	1	1	1	1	0	0	0	1	0	1	0	1	0	0	1	2	1	0	1	2	1	1	0	2	0	1	0	1	0	0	1	0	1	1	0	2	0	0	1	1	0	0	0	0	2	1	0	1	0	1	1	2	0	0	0	1	0	0	0	1	1	0	0	0	1	0	0	0	0	1	0	0	0	1	1	0	1	1	0	1	0	1	1	1	0	1	1	1	1	1	1	0	1	0	0	1	0	0	1	0	0	1	1	0	1	0	0	1	0	1	1
ybeM	0	0	0	0	0	1	0	0	0	0	0	0	0	1	0	1	0	0	0	0	0	1	0	0	0	0	0	1	0	0	1	1	0	1	0	1	0	1	0	0	0	0	0	0	0	1	0	1	0	0	1	0	0	0	0	0	1	0	0	1	0	0	1	1	0	0	0	1	0	0	0	1	0	0	0	0	0	0	0	0	0	1	0	0	0	1	0	0	1	1	0	1	0	0	0	0	0	0	0	0	0	1	0	0	0	0	0	0	0	0	0	0	0	0	0	0	1	0	0	0	0	0	0
ybhP	0	1	0	0	1	0	0	1	0	1	0	1	0	0	0	0	1	0	0	0	0	0	0	0	0	0	0	0	0	0	0	1	0	0	0	1	0	1	1	0	0	0	0	0	0	0	1	0	1	0	0	1	0	1	0	1	0	0	1	0	0	0	0	1	0	1	0	0	0	0	0	0	0	0	0	0	0	1	0	1	1	1	0	0	1	0	0	0	0	0	1	0	1	0	0	0	0	0	0	0	0	0	0	0	0	0	1	1	0	0	0	0	1	0	0	0	0	1	0	0	0	0	0
ycdM	0	0	0	0	0	1	0	0	0	0	0	0	0	1	0	1	0	0	0	0	0	1	0	0	0	0	0	1	0	0	1	1	0	1	0	1	0	1	0	0	0	0	0	0	0	1	0	1	0	0	1	0	0	0	0	0	1	0	0	1	0	0	1	1	0	0	0	1	0	0	0	1	0	0	0	0	0	0	0	0	0	1	0	0	0	1	0	0	1	1	0	1	0	0	0	0	0	0	0	0	0	1	0	0	0	0	0	0	0	0	0	0	0	0	0	0	1	0	0	0	0	0	0
yceK	0	1	0	0	1	0	0	1	0	1	0	1	0	0	0	0	1	0	0	0	0	0	0	0	0	0	0	0	0	0	0	1	0	0	0	1	0	1	1	0	0	0	0	0	0	0	1	0	1	0	0	1	0	1	0	1	0	0	1	0	0	0	0	1	0	1	0	0	0	0	0	0	0	0	0	0	0	1	0	1	1	1	0	0	1	0	0	0	0	0	1	0	1	0	0	0	0	0	0	0	0	0	0	0	0	0	1	1	0	0	0	0	1	0	0	0	0	1	0	0	0	0	0
ycfC	1	0	0	0	0	0	1	0	1	0	0	0	1	0	1	0	0	0	0	1	0	0	0	1	0	0	1	1	1	0	0	1	1	0	0	1	0	0	0	1	0	0	1	0	1	0	0	1	0	0	0	1	0	0	0	0	1	1	0	0	0	1	0	1	0	0	0	0	0	0	0	0	1	0	0	0	1	0	0	0	0	0	0	0	0	0	1	0	1	0	0	0	0	1	1	1	0	1	1	1	1	0	1	0	1	0	0	1	0	0	1	0	0	1	1	0	0	0	0	1	0	1	1
yebY	1	0	0	0	0	0	1	0	1	0	0	0	1	0	1	0	0	0	0	1	0	0	0	1	0	0	1	1	1	0	0	1	1	0	0	1	0	0	0	1	0	0	1	0	1	0	0	1	0	0	0	1	0	0	0	0	1	1	0	0	0	1	0	1	0	0	0	0	0	0	0	0	1	0	0	0	1	0	0	0	0	0	0	0	0	0	1	0	1	0	0	0	0	1	1	1	0	1	1	1	1	0	1	0	1	0	0	1	0	0	1	0	0	1	1	0	0	0	0	1	0	1	1
yecE	1	0	0	0	0	0	1	0	1	0	0	0	1	0	1	0	0	0	0	1	0	0	0	1	0	0	1	1	1	0	0	1	1	0	0	1	0	0	0	1	0	0	1	0	1	0	0	1	0	0	0	1	0	0	0	0	1	1	0	0	0	1	0	1	0	0	0	0	0	0	0	0	1	0	0	0	1	0	0	0	0	0	0	0	0	0	1	0	1	0	0	0	0	1	1	1	0	1	1	1	1	0	1	0	1	0	0	1	0	0	1	0	0	1	1	0	0	0	0	1	0	1	1
yeeF	0	0	1	0	1	0	0	0	0	1	0	0	1	0	0	0	0	0	1	0	1	0	0	0	0	1	0	0	0	1	0	1	0	0	1	0	0	0	1	0	0	0	1	1	1	0	0	1	0	1	0	1	1	0	1	0	0	0	0	0	1	0	0	1	0	0	0	0	1	1	0	0	0	0	0	0	0	0	0	1	0	0	0	0	0	0	0	1	0	0	0	0	0	0	0	0	1	0	0	0	0	0	0	1	0	1	0	1	0	1	1	0	0	0	0	0	0	0	1	0	0	0	0
yeeI	1	0	0	0	0	0	1	0	1	0	0	0	1	0	1	0	0	0	0	1	0	0	0	1	0	0	1	1	1	0	0	1	1	0	0	1	0	0	0	1	0	0	1	0	1	0	0	1	0	0	0	1	0	0	0	0	1	1	0	0	0	1	0	1	0	0	0	0	0	0	0	0	1	0	0	0	1	0	0	0	0	0	0	0	0	0	1	0	1	0	0	0	0	1	1	1	0	1	1	1	1	0	1	0	1	0	0	1	0	0	1	0	0	1	1	0	0	0	0	1	0	1	1
yeeR	1	0	0	0	0	0	1	0	1	0	0	0	1	0	1	0	0	0	0	1	0	0	0	1	0	0	1	1	1	0	0	1	1	0	0	1	0	0	0	1	0	0	1	0	1	0	0	1	0	0	0	1	0	0	0	0	1	1	0	0	0	1	0	1	0	0	0	0	0	0	0	0	1	0	0	0	1	0	0	0	0	0	0	0	0	0	1	0	1	0	0	0	0	1	1	1	0	1	1	1	1	0	1	0	1	0	0	1	0	0	1	0	0	1	1	0	0	0	0	1	0	1	1
yeeU	1	0	0	0	0	0	1	0	1	0	0	0	1	0	1	0	0	0	0	1	0	0	0	1	0	0	1	1	1	0	0	1	1	0	0	1	0	0	0	1	0	0	1	0	1	0	0	1	0	0	0	1	0	0	0	0	1	1	0	0	0	1	0	1	0	0	0	0	0	0	0	0	1	0	0	0	1	0	0	0	0	0	0	0	0	0	1	0	1	0	0	0	0	1	1	1	0	1	1	1	1	0	1	0	1	0	0	1	0	0	1	0	0	1	1	0	0	0	0	1	0	1	1
yegO	1	0	0	0	0	0	1	0	1	0	0	0	1	0	1	0	0	0	0	1	0	0	0	1	0	0	1	1	1	0	0	1	1	0	0	1	0	0	0	1	0	0	1	0	1	0	0	1	0	0	0	1	0	0	0	0	1	1	0	0	0	1	0	1	0	0	0	0	0	0	0	0	1	0	0	0	1	0	0	0	0	0	0	0	0	0	1	0	1	0	0	0	0	1	1	1	0	1	1	1	1	0	1	0	1	0	0	1	0	0	1	0	0	1	1	0	0	0	0	1	0	1	1
yfaQ	0	0	0	0	0	1	0	0	0	0	0	0	0	1	0	1	0	0	0	0	0	1	0	0	0	0	0	1	0	0	1	1	0	1	0	1	0	1	0	0	0	0	0	0	0	1	0	1	0	0	1	0	0	0	0	0	1	0	0	1	0	0	1	1	0	0	0	1	0	0	0	1	0	0	0	0	0	0	0	0	0	1	0	0	0	1	0	0	1	1	0	1	0	0	0	0	0	0	0	0	0	1	0	0	0	0	0	0	0	0	0	0	0	0	0	0	1	0	0	0	0	0	0
yfcTU	1	0	0	0	0	0	1	0	1	0	0	0	1	0	1	0	0	0	0	1	0	0	0	1	0	0	1	1	1	0	0	1	1	0	0	1	0	0	0	1	0	0	1	0	1	0	0	1	0	0	0	1	0	0	0	0	1	1	0	0	0	1	0	1	0	0	0	0	0	0	0	0	1	0	0	0	1	0	0	0	0	0	0	0	0	0	1	0	1	0	0	0	0	1	1	1	0	1	1	1	1	0	1	0	1	0	0	1	0	0	1	0	0	1	1	0	0	0	0	1	0	1	1
yggM	0	0	1	0	1	0	0	0	0	1	0	0	1	0	0	0	0	0	1	0	1	0	0	0	0	1	0	0	0	1	0	1	0	0	1	0	0	0	1	0	0	0	1	1	1	0	0	1	0	1	0	1	1	0	1	0	0	0	0	0	1	0	0	1	0	0	0	0	1	1	0	0	0	0	0	0	0	0	0	1	0	0	0	0	0	0	0	1	0	0	0	0	0	0	0	0	1	0	0	0	0	0	0	1	0	1	0	1	0	1	1	0	0	0	0	0	0	0	1	0	0	0	0
yghS	1	0	0	0	0	0	1	0	1	0	0	0	1	0	1	0	0	0	0	1	0	0	0	1	0	0	1	1	1	0	0	1	1	0	0	1	0	0	0	1	0	0	1	0	1	0	0	1	0	0	0	1	0	0	0	0	1	1	0	0	0	1	0	1	0	0	0	0	0	0	0	0	1	0	0	0	1	0	0	0	0	0	0	0	0	0	1	0	1	0	0	0	0	1	1	1	0	1	1	1	1	0	1	0	1	0	0	1	0	0	1	0	0	1	1	0	0	0	0	1	0	1	1
ygjD	0	0	1	0	1	0	0	0	0	1	0	0	1	0	0	0	0	0	1	0	1	0	0	0	0	1	0	0	0	1	0	1	0	0	1	0	0	0	1	0	0	0	1	1	1	0	0	1	0	1	0	1	1	0	1	0	0	0	0	0	1	0	0	1	0	0	0	0	1	1	0	0	0	0	0	0	0	0	0	1	0	0	0	0	0	0	0	1	0	0	0	0	0	0	0	0	1	0	0	0	0	0	0	1	0	1	0	1	0	1	1	0	0	0	0	0	0	0	1	0	0	0	0
ygjG	0	1	0	0	1	0	0	1	0	1	0	1	0	0	0	0	1	0	0	0	0	0	0	0	0	0	0	0	0	0	0	1	0	0	0	1	0	1	1	0	0	0	0	0	0	0	1	0	1	0	0	1	0	1	0	1	0	0	1	0	0	0	0	1	0	1	0	0	0	0	0	0	0	0	0	0	0	1	0	1	1	1	0	0	1	0	0	0	0	0	1	0	1	0	0	0	0	0	0	0	0	0	0	0	0	0	1	1	0	0	0	0	1	0	0	0	0	1	0	0	0	0	0
yhdG	1	1	1	0	2	0	1	1	1	2	0	1	2	0	1	0	1	0	1	1	1	1	0	1	1	1	1	1	1	1	1	4	1	0	1	3	0	1	2	1	0	0	2	1	2	0	1	2	2	1	0	3	1	1	1	1	1	1	1	0	1	1	0	4	0	1	1	0	1	1	0	0	1	1	0	1	1	1	0	2	1	1	1	0	1	0	1	1	1	0	1	0	1	1	1	1	1	1	1	1	1	0	1	1	1	1	1	1	0	1	2	0	1	1	1	0	0	1	1	1	0	1	1
yhdJ	0	0	0	1	0	0	0	0	0	0	1	0	1	0	0	0	0	1	0	0	0	0	1	0	0	0	0	0	0	0	0	1	0	0	0	1	1	0	0	0	1	1	1	0	1	0	0	0	1	0	0	1	0	0	0	0	0	0	0	0	0	0	0	1	1	0	0	0	0	0	1	0	0	0	1	0	0	0	1	1	0	0	0	1	0	1	0	0	0	0	0	0	0	0	0	0	0	0	0	0	0	0	0	0	0	0	0	0	1	0	0	1	0	0	0	1	0	0	0	0	1	0	0
yicL	0	0	1	0	1	0	0	0	0	1	0	0	1	0	0	0	0	0	1	0	1	0	0	0	0	1	0	0	0	1	0	1	0	0	1	0	0	0	1	0	0	0	1	1	1	0	0	1	0	1	0	1	1	0	1	0	0	0	0	0	1	0	0	1	0	0	0	0	1	1	0	0	0	0	0	0	0	0	0	1	0	0	0	0	0	0	0	1	0	0	0	0	0	0	0	0	1	0	0	0	0	0	0	1	0	1	0	1	0	1	1	0	0	0	0	0	0	0	1	0	0	0	0
yieO	1	0	1	0	1	0	1	0	1	1	0	0	2	0	1	0	0	0	1	1	1	0	0	1	0	1	1	1	1	1	0	2	1	0	1	1	0	0	1	1	0	0	2	1	2	0	0	2	0	1	0	2	1	0	1	0	1	1	0	0	1	1	0	2	0	0	0	0	1	1	0	0	1	0	0	0	1	0	0	1	0	0	0	0	0	0	1	1	1	0	0	0	0	1	1	1	1	1	1	1	1	0	1	1	1	1	0	2	0	1	1	0	0	1	1	0	0	0	1	1	0	1	1
yihP	0	0	0	1	0	0	0	0	0	0	1	0	1	0	0	0	0	1	0	0	0	0	1	0	0	0	0	0	0	0	0	1	0	0	0	1	1	0	0	0	1	1	1	0	1	0	0	0	1	0	0	1	0	0	0	0	0	0	0	0	0	0	0	1	1	0	0	0	0	0	1	0	0	0	1	0	0	0	1	1	0	0	0	1	0	1	0	0	0	0	0	0	0	0	0	0	0	0	0	0	0	0	0	0	0	0	0	0	1	0	0	1	0	0	0	1	0	0	0	0	1	0	0
yjcE	0	1	0	0	1	0	0	1	0	1	0	1	0	0	0	0	1	0	0	0	0	0	0	0	0	0	0	0	0	0	0	1	0	0	0	1	0	1	1	0	0	0	0	0	0	0	1	0	1	0	0	1	0	1	0	1	0	0	1	0	0	0	0	1	0	1	0	0	0	0	0	0	0	0	0	0	0	1	0	1	1	1	0	0	1	0	0	0	0	0	1	0	1	0	0	0	0	0	0	0	0	0	0	0	0	0	1	1	0	0	0	0	1	0	0	0	0	1	0	0	0	0	0
yjeB	1	0	0	0	0	0	1	0	1	0	0	0	1	0	1	0	0	0	0	1	0	0	0	1	0	0	1	1	1	0	0	1	1	0	0	1	0	0	0	1	0	0	1	0	1	0	0	1	0	0	0	1	0	0	0	0	1	1	0	0	0	1	0	1	0	0	0	0	0	0	0	0	1	0	0	0	1	0	0	0	0	0	0	0	0	0	1	0	1	0	0	0	0	1	1	1	0	1	1	1	1	0	1	0	1	0	0	1	0	0	1	0	0	1	1	0	0	0	0	1	0	1	1
yjgM	1	0	0	0	0	0	1	0	1	0	0	0	1	0	1	0	0	0	0	1	0	0	0	1	0	0	1	1	1	0	0	1	1	0	0	1	0	0	0	1	0	0	1	0	1	0	0	1	0	0	0	1	0	0	0	0	1	1	0	0	0	1	0	1	0	0	0	0	0	0	0	0	1	0	0	0	1	0	0	0	0	0	0	0	0	0	1	0	1	0	0	0	0	1	1	1	0	1	1	1	1	0	1	0	1	0	0	1	0	0	1	0	0	1	1	0	0	0	0	1	0	1	1
yjgN	0	0	0	1	0	0	0	0	0	0	1	0	1	0	0	0	0	1	0	0	0	0	1	0	0	0	0	0	0	0	0	1	0	0	0	1	1	0	0	0	1	1	1	0	1	0	0	0	1	0	0	1	0	0	0	0	0	0	0	0	0	0	0	1	1	0	0	0	0	0	1	0	0	0	1	0	0	0	1	1	0	0	0	1	0	1	0	0	0	0	0	0	0	0	0	0	0	0	0	0	0	0	0	0	0	0	0	0	1	0	0	1	0	0	0	1	0	0	0	0	1	0	0
yjiX	0	0	0	0	0	1	0	0	0	0	0	0	0	1	0	1	0	0	0	0	0	1	0	0	0	0	0	1	0	0	1	1	0	1	0	1	0	1	0	0	0	0	0	0	0	1	0	1	0	0	1	0	0	0	0	0	1	0	0	1	0	0	1	1	0	0	0	1	0	0	0	1	0	0	0	0	0	0	0	0	0	1	0	0	0	1	0	0	1	1	0	1	0	0	0	0	0	0	0	0	0	1	0	0	0	0	0	0	0	0	0	0	0	0	0	0	1	0	0	0	0	0	0
yjjY	0	1	0	0	1	0	0	1	0	1	0	1	0	0	0	0	1	0	0	0	0	0	0	0	0	0	0	0	0	0	0	1	0	0	0	1	0	1	1	0	0	0	0	0	0	0	1	0	1	0	0	1	0	1	0	1	0	0	1	0	0	0	0	1	0	1	0	0	0	0	0	0	0	0	0	0	0	1	0	1	1	1	0	0	1	0	0	0	0	0	1	0	1	0	0	0	0	0	0	0	0	0	0	0	0	0	1	1	0	0	0	0	1	0	0	0	0	1	0	0	0	0	0
ylcG	0	0	1	0	1	0	0	0	0	1	0	0	1	0	0	0	0	0	1	0	1	0	0	0	0	1	0	0	0	1	0	1	0	0	1	0	0	0	1	0	0	0	1	1	1	0	0	1	0	1	0	1	1	0	1	0	0	0	0	0	1	0	0	1	0	0	0	0	1	1	0	0	0	0	0	0	0	0	0	1	0	0	0	0	0	0	0	1	0	0	0	0	0	0	0	0	1	0	0	0	0	0	0	1	0	1	0	1	0	1	1	0	0	0	0	0	0	0	1	0	0	0	0
yoaE	1	0	0	0	0	0	1	0	1	0	0	0	1	0	1	0	0	0	0	1	0	0	0	1	0	0	1	1	1	0	0	1	1	0	0	1	0	0	0	1	0	0	1	0	1	0	0	1	0	0	0	1	0	0	0	0	1	1	0	0	0	1	0	1	0	0	0	0	0	0	0	0	1	0	0	0	1	0	0	0	0	0	0	0	0	0	1	0	1	0	0	0	0	1	1	1	0	1	1	1	1	0	1	0	1	0	0	1	0	0	1	0	0	1	1	0	0	0	0	1	0	1	1
yqeB	0	0	0	1	0	0	0	0	0	0	1	0	1	0	0	0	0	1	0	0	0	0	1	0	0	0	0	0	0	0	0	1	0	0	0	1	1	0	0	0	1	1	1	0	1	0	0	0	1	0	0	1	0	0	0	0	0	0	0	0	0	0	0	1	1	0	0	0	0	0	1	0	0	0	1	0	0	0	1	1	0	0	0	1	0	1	0	0	0	0	0	0	0	0	0	0	0	0	0	0	0	0	0	0	0	0	0	0	1	0	0	1	0	0	0	1	0	0	0	0	1	0	0
yqhH	1	0	0	0	0	0	1	0	1	0	0	0	1	0	1	0	0	0	0	1	0	0	0	1	0	0	1	1	1	0	0	1	1	0	0	1	0	0	0	1	0	0	1	0	1	0	0	1	0	0	0	1	0	0	0	0	1	1	0	0	0	1	0	1	0	0	0	0	0	0	0	0	1	0	0	0	1	0	0	0	0	0	0	0	0	0	1	0	1	0	0	0	0	1	1	1	0	1	1	1	1	0	1	0	1	0	0	1	0	0	1	0	0	1	1	0	0	0	0	1	0	1	1
yrbA	1	0	0	0	0	0	1	0	1	0	0	0	1	0	1	0	0	0	0	1	0	0	0	1	0	0	1	1	1	0	0	1	1	0	0	1	0	0	0	1	0	0	1	0	1	0	0	1	0	0	0	1	0	0	0	0	1	1	0	0	0	1	0	1	0	0	0	0	0	0	0	0	1	0	0	0	1	0	0	0	0	0	0	0	0	0	1	0	1	0	0	0	0	1	1	1	0	1	1	1	1	0	1	0	1	0	0	1	0	0	1	0	0	1	1	0	0	0	0	1	0	1	1
