	ECB_00737	ECB_01992	ECB_02797	ECB_02816	ECB_02852	ECB_03710	ECB_03722	acpP	acs	appC	arcA	blr	cls	cpsG	cycA	envZ	fabF	flgB	galF	hokB	hokD	hsdS	hslU	hupB	hyfA	iap	iclR	ilvL	infB	infC	lon	lrp	malT	menC	metH	mntH	mokC	mreB	mreC	nadR	narZ	nudC	oppD	phoH	plsB	prlA	proX	pykF	rbsA	rbsB	rbsD	rbsR	recO	rfbB	rnb	rne	rpiR	rplF	rpsA	rpsC	sapF	speG	spoT	thiI	thrA	trkH	wzy	ybaE	ybaL	ybbN	ybeB	ybeM	ybhP	ycdM	yceK	ycfC	yebY	yecE	yeeF	yeeR	yeeU	yegO	yfaQ	yfcTU	yggM	yghS	ygjD	ygjG	yhdG	yhdJ	yieO	yihP	yjcE	yjeB	yjiX	yjjY	ylcG	yqeB	yqhH
ECB_00737	1	0	0	0	0	1	0	1	0	0	1	0	0	0	1	0	0	0	0	1	1	0	1	1	0	0	1	0	0	0	0	0	1	0	0	0	1	0	0	1	0	0	0	1	0	0	1	1	0	0	0	0	0	0	0	0	1	0	0	0	0	0	0	0	0	0	0	0	0	1	1	0	0	0	0	1	1	1	0	1	1	1	0	1	0	1	0	0	1	0	1	0	0	1	0	0	0	0	1
ECB_01992	0	1	0	1	0	0	1	0	0	0	0	0	0	1	0	0	0	0	0	0	0	0	1	0	0	0	1	0	1	1	0	0	0	0	0	1	0	1	0	1	0	1	0	0	0	0	0	1	0	1	0	0	0	0	0	0	0	0	0	0	1	0	1	1	1	0	0	1	0	0	0	0	1	0	1	0	0	0	0	0	0	0	0	0	0	0	0	1	1	0	0	0	1	0	0	1	0	0	0
ECB_02797	0	0	1	0	0	0	0	0	0	1	1	0	0	0	0	0	0	1	0	0	0	0	1	0	0	0	1	1	0	0	1	1	0	0	1	0	0	1	0	1	0	0	0	0	0	0	0	1	1	0	0	0	0	0	1	0	0	0	1	0	0	1	1	0	0	0	1	0	1	0	0	0	0	0	0	0	0	0	0	0	0	0	0	0	0	0	0	0	0	1	0	1	0	0	0	0	0	1	0
ECB_02816	0	1	0	1	0	0	1	0	1	0	1	0	0	1	0	1	0	0	0	0	0	0	2	0	0	1	1	0	1	2	0	0	1	1	1	1	0	1	1	2	1	1	1	0	0	1	0	2	0	1	0	0	1	1	0	0	0	0	0	0	1	0	2	1	1	0	0	1	0	0	0	0	1	0	1	0	0	0	1	0	0	0	0	0	1	0	1	1	2	0	1	0	1	0	0	1	1	0	0
ECB_02852	0	0	0	0	1	0	0	0	0	0	0	1	1	0	0	0	1	0	0	1	0	1	1	0	1	0	1	0	1	0	0	0	0	0	0	0	1	0	0	0	0	0	0	0	1	0	0	1	0	0	0	1	0	0	0	1	0	0	0	0	0	0	0	0	1	0	0	0	1	0	1	1	0	1	0	0	0	0	0	0	0	0	1	0	0	0	0	0	0	0	0	0	0	0	1	0	0	0	0
ECB_03710	1	0	0	0	0	1	0	1	0	0	1	0	0	0	1	0	0	0	0	1	1	0	1	1	0	0	1	0	0	0	0	0	1	0	0	0	1	0	0	1	0	0	0	1	0	0	1	1	0	0	0	0	0	0	0	0	1	0	0	0	0	0	0	0	0	0	0	0	0	1	1	0	0	0	0	1	1	1	0	1	1	1	0	1	0	1	0	0	1	0	1	0	0	1	0	0	0	0	1
ECB_03722	0	1	0	1	0	0	1	0	0	0	0	0	0	1	0	0	0	0	0	0	0	0	1	0	0	0	1	0	1	1	0	0	0	0	0	1	0	1	0	1	0	1	0	0	0	0	0	1	0	1	0	0	0	0	0	0	0	0	0	0	1	0	1	1	1	0	0	1	0	0	0	0	1	0	1	0	0	0	0	0	0	0	0	0	0	0	0	1	1	0	0	0	1	0	0	1	0	0	0
acpP	1	0	0	0	0	1	0	1	0	0	1	0	0	0	1	0	0	0	0	1	1	0	1	1	0	0	1	0	0	0	0	0	1	0	0	0	1	0	0	1	0	0	0	1	0	0	1	1	0	0	0	0	0	0	0	0	1	0	0	0	0	0	0	0	0	0	0	0	0	1	1	0	0	0	0	1	1	1	0	1	1	1	0	1	0	1	0	0	1	0	1	0	0	1	0	0	0	0	1
acs	0	0	0	1	0	0	0	0	1	0	1	0	0	0	0	1	0	0	0	0	0	0	1	0	0	1	0	0	0	1	0	0	1	1	1	0	0	0	1	1	1	0	1	0	0	1	0	1	0	0	0	0	1	1	0	0	0	0	0	0	0	0	1	0	0	0	0	0	0	0	0	0	0	0	0	0	0	0	1	0	0	0	0	0	1	0	1	0	1	0	1	0	0	0	0	0	1	0	0
appC	0	0	1	0	0	0	0	0	0	1	1	0	0	0	0	0	0	1	0	0	0	0	1	0	0	0	1	1	0	0	1	1	0	0	1	0	0	1	0	1	0	0	0	0	0	0	0	1	1	0	0	0	0	0	1	0	0	0	1	0	0	1	1	0	0	0	1	0	1	0	0	0	0	0	0	0	0	0	0	0	0	0	0	0	0	0	0	0	0	1	0	1	0	0	0	0	0	1	0
arcA	1	0	1	1	0	1	0	1	1	1	1	0	0	0	1	1	0	1	0	1	1	0	3	1	0	1	2	1	0	1	1	1	2	1	2	0	1	1	1	3	1	0	1	1	0	1	1	3	1	0	0	0	1	1	1	0	1	0	1	0	0	1	2	0	0	0	1	0	1	1	1	0	0	0	0	1	1	1	1	1	1	1	0	1	1	1	1	0	2	1	2	1	0	1	0	0	1	1	1
blr	0	0	0	0	1	0	0	0	0	0	0	1	1	0	0	0	1	0	0	1	0	1	1	0	1	0	1	0	1	0	0	0	0	0	0	0	1	0	0	0	0	0	0	0	1	0	0	1	0	0	0	1	0	0	0	1	0	0	0	0	0	0	0	0	1	0	0	0	1	0	1	1	0	1	0	0	0	0	0	0	0	0	1	0	0	0	0	0	0	0	0	0	0	0	1	0	0	0	0
cls	0	0	0	0	1	0	0	0	0	0	0	1	1	0	0	0	1	0	0	1	0	1	1	0	1	0	1	0	1	0	0	0	0	0	0	0	1	0	0	0	0	0	0	0	1	0	0	1	0	0	0	1	0	0	0	1	0	0	0	0	0	0	0	0	1	0	0	0	1	0	1	1	0	1	0	0	0	0	0	0	0	0	1	0	0	0	0	0	0	0	0	0	0	0	1	0	0	0	0
cpsG	0	1	0	1	0	0	1	0	0	0	0	0	0	1	0	0	0	0	0	0	0	0	1	0	0	0	1	0	1	1	0	0	0	0	0	1	0	1	0	1	0	1	0	0	0	0	0	1	0	1	0	0	0	0	0	0	0	0	0	0	1	0	1	1	1	0	0	1	0	0	0	0	1	0	1	0	0	0	0	0	0	0	0	0	0	0	0	1	1	0	0	0	1	0	0	1	0	0	0
cycA	1	0	0	0	0	1	0	1	0	0	1	0	0	0	1	0	0	0	0	1	1	0	1	1	0	0	1	0	0	0	0	0	1	0	0	0	1	0	0	1	0	0	0	1	0	0	1	1	0	0	0	0	0	0	0	0	1	0	0	0	0	0	0	0	0	0	0	0	0	1	1	0	0	0	0	1	1	1	0	1	1	1	0	1	0	1	0	0	1	0	1	0	0	1	0	0	0	0	1
envZ	0	0	0	1	0	0	0	0	1	0	1	0	0	0	0	1	0	0	0	0	0	0	1	0	0	1	0	0	0	1	0	0	1	1	1	0	0	0	1	1	1	0	1	0	0	1	0	1	0	0	0	0	1	1	0	0	0	0	0	0	0	0	1	0	0	0	0	0	0	0	0	0	0	0	0	0	0	0	1	0	0	0	0	0	1	0	1	0	1	0	1	0	0	0	0	0	1	0	0
fabF	0	0	0	0	1	0	0	0	0	0	0	1	1	0	0	0	1	0	1	1	0	2	2	0	1	0	2	0	1	0	0	0	0	0	0	0	1	1	0	0	0	0	0	0	1	0	0	2	0	0	1	1	0	0	0	1	0	1	0	1	0	0	0	0	1	1	0	0	1	0	1	1	0	1	0	0	0	0	0	0	0	0	1	0	0	0	0	0	1	0	0	0	0	0	1	0	0	0	0
flgB	0	0	1	0	0	0	0	0	0	1	1	0	0	0	0	0	0	1	0	0	0	0	1	0	0	0	1	1	0	0	1	1	0	0	1	0	0	1	0	1	0	0	0	0	0	0	0	1	1	0	0	0	0	0	1	0	0	0	1	0	0	1	1	0	0	0	1	0	1	0	0	0	0	0	0	0	0	0	0	0	0	0	0	0	0	0	0	0	0	1	0	1	0	0	0	0	0	1	0
galF	0	0	0	0	0	0	0	0	0	0	0	0	0	0	0	0	1	0	1	0	0	1	1	0	0	0	1	0	0	0	0	0	0	0	0	0	0	1	0	0	0	0	0	0	0	0	0	1	0	0	1	0	0	0	0	0	0	1	0	1	0	0	0	0	0	1	0	0	0	0	0	0	0	0	0	0	0	0	0	0	0	0	0	0	0	0	0	0	1	0	0	0	0	0	0	0	0	0	0
hokB	1	0	0	0	1	1	0	1	0	0	1	1	1	0	1	0	1	0	0	1	1	1	2	1	1	0	2	0	1	0	0	0	1	0	0	0	2	0	0	1	0	0	0	1	1	0	1	2	0	0	0	1	0	0	0	1	1	0	0	0	0	0	0	0	1	0	0	0	1	1	2	1	0	1	0	1	1	1	0	1	1	1	1	1	0	1	0	0	1	0	1	0	0	1	1	0	0	0	1
hokD	1	0	0	0	0	1	0	1	0	0	1	0	0	0	1	0	0	0	0	1	1	0	1	1	0	0	1	0	0	0	0	0	1	0	0	0	1	0	0	1	0	0	0	1	0	0	1	1	0	0	0	0	0	0	0	0	1	0	0	0	0	0	0	0	0	0	0	0	0	1	1	0	0	0	0	1	1	1	0	1	1	1	0	1	0	1	0	0	1	0	1	0	0	1	0	0	0	0	1
hsdS	0	0	0	0	1	0	0	0	0	0	0	1	1	0	0	0	2	0	1	1	0	1	2	0	1	0	2	0	1	0	0	0	0	0	0	0	1	1	0	0	0	0	0	0	1	0	0	2	0	0	1	1	0	0	0	1	0	1	0	1	0	0	0	0	1	1	0	0	1	0	1	1	0	1	0	0	0	0	0	0	0	0	1	0	0	0	0	0	1	0	0	0	0	0	1	0	0	0	0
hslU	1	1	1	2	1	1	1	1	1	1	3	1	1	1	1	1	2	1	1	2	1	2	1	1	1	1	5	1	2	2	1	1	2	1	2	1	2	3	1	4	1	1	1	1	1	1	1	6	1	1	1	1	1	1	1	1	1	1	1	1	1	1	3	1	2	1	1	1	2	1	2	1	1	1	1	1	1	1	1	1	1	1	1	1	1	1	1	1	4	1	2	1	1	1	1	1	1	1	1
hupB	1	0	0	0	0	1	0	1	0	0	1	0	0	0	1	0	0	0	0	1	1	0	1	1	0	0	1	0	0	0	0	0	1	0	0	0	1	0	0	1	0	0	0	1	0	0	1	1	0	0	0	0	0	0	0	0	1	0	0	0	0	0	0	0	0	0	0	0	0	1	1	0	0	0	0	1	1	1	0	1	1	1	0	1	0	1	0	0	1	0	1	0	0	1	0	0	0	0	1
hyfA	0	0	0	0	1	0	0	0	0	0	0	1	1	0	0	0	1	0	0	1	0	1	1	0	1	0	1	0	1	0	0	0	0	0	0	0	1	0	0	0	0	0	0	0	1	0	0	1	0	0	0	1	0	0	0	1	0	0	0	0	0	0	0	0	1	0	0	0	1	0	1	1	0	1	0	0	0	0	0	0	0	0	1	0	0	0	0	0	0	0	0	0	0	0	1	0	0	0	0
iap	0	0	0	1	0	0	0	0	1	0	1	0	0	0	0	1	0	0	0	0	0	0	1	0	0	1	0	0	0	1	0	0	1	1	1	0	0	0	1	1	1	0	1	0	0	1	0	1	0	0	0	0	1	1	0	0	0	0	0	0	0	0	1	0	0	0	0	0	0	0	0	0	0	0	0	0	0	0	1	0	0	0	0	0	1	0	1	0	1	0	1	0	0	0	0	0	1	0	0
iclR	1	1	1	1	1	1	1	1	0	1	2	1	1	1	1	0	2	1	1	2	1	2	5	1	1	0	1	1	2	1	1	1	1	0	1	1	2	3	0	3	0	1	0	1	1	0	1	5	1	1	1	1	0	0	1	1	1	1	1	1	1	1	2	1	2	1	1	1	2	1	2	1	1	1	1	1	1	1	0	1	1	1	1	1	0	1	0	1	3	1	1	1	1	1	1	1	0	1	1
ilvL	0	0	1	0	0	0	0	0	0	1	1	0	0	0	0	0	0	1	0	0	0	0	1	0	0	0	1	1	0	0	1	1	0	0	1	0	0	1	0	1	0	0	0	0	0	0	0	1	1	0	0	0	0	0	1	0	0	0	1	0	0	1	1	0	0	0	1	0	1	0	0	0	0	0	0	0	0	0	0	0	0	0	0	0	0	0	0	0	0	1	0	1	0	0	0	0	0	1	0
infB	0	1	0	1	1	0	1	0	0	0	0	1	1	1	0	0	1	0	0	1	0	1	2	0	1	0	2	0	1	1	0	0	0	0	0	1	1	1	0	1	0	1	0	0	1	0	0	2	0	1	0	1	0	0	0	1	0	0	0	0	1	0	1	1	2	0	0	1	1	0	1	1	1	1	1	0	0	0	0	0	0	0	1	0	0	0	0	1	1	0	0	0	1	0	1	1	0	0	0
infC	0	1	0	2	0	0	1	0	1	0	1	0	0	1	0	1	0	0	0	0	0	0	2	0	0	1	1	0	1	1	0	0	1	1	1	1	0	1	1	2	1	1	1	0	0	1	0	2	0	1	0	0	1	1	0	0	0	0	0	0	1	0	2	1	1	0	0	1	0	0	0	0	1	0	1	0	0	0	1	0	0	0	0	0	1	0	1	1	2	0	1	0	1	0	0	1	1	0	0
lon	0	0	1	0	0	0	0	0	0	1	1	0	0	0	0	0	0	1	0	0	0	0	1	0	0	0	1	1	0	0	1	1	0	0	1	0	0	1	0	1	0	0	0	0	0	0	0	1	1	0	0	0	0	0	1	0	0	0	1	0	0	1	1	0	0	0	1	0	1	0	0	0	0	0	0	0	0	0	0	0	0	0	0	0	0	0	0	0	0	1	0	1	0	0	0	0	0	1	0
lrp	0	0	1	0	0	0	0	0	0	1	1	0	0	0	0	0	0	1	0	0	0	0	1	0	0	0	1	1	0	0	1	1	0	0	1	0	0	1	0	1	0	0	0	0	0	0	0	1	1	0	0	0	0	0	1	0	0	0	1	0	0	1	1	0	0	0	1	0	1	0	0	0	0	0	0	0	0	0	0	0	0	0	0	0	0	0	0	0	0	1	0	1	0	0	0	0	0	1	0
malT	1	0	0	1	0	1	0	1	1	0	2	0	0	0	1	1	0	0	0	1	1	0	2	1	0	1	1	0	0	1	0	0	1	1	1	0	1	0	1	2	1	0	1	1	0	1	1	2	0	0	0	0	1	1	0	0	1	0	0	0	0	0	1	0	0	0	0	0	0	1	1	0	0	0	0	1	1	1	1	1	1	1	0	1	1	1	1	0	2	0	2	0	0	1	0	0	1	0	1
menC	0	0	0	1	0	0	0	0	1	0	1	0	0	0	0	1	0	0	0	0	0	0	1	0	0	1	0	0	0	1	0	0	1	1	1	0	0	0	1	1	1	0	1	0	0	1	0	1	0	0	0	0	1	1	0	0	0	0	0	0	0	0	1	0	0	0	0	0	0	0	0	0	0	0	0	0	0	0	1	0	0	0	0	0	1	0	1	0	1	0	1	0	0	0	0	0	1	0	0
metH	0	0	1	1	0	0	0	0	1	1	2	0	0	0	0	1	0	1	0	0	0	0	2	0	0	1	1	1	0	1	1	1	1	1	1	0	0	1	1	2	1	0	1	0	0	1	0	2	1	0	0	0	1	1	1	0	0	0	1	0	0	1	2	0	0	0	1	0	1	0	0	0	0	0	0	0	0	0	1	0	0	0	0	0	1	0	1	0	1	1	1	1	0	0	0	0	1	1	0
mntH	0	1	0	1	0	0	1	0	0	0	0	0	0	1	0	0	0	0	0	0	0	0	1	0	0	0	1	0	1	1	0	0	0	0	0	1	0	1	0	1	0	1	0	0	0	0	0	1	0	1	0	0	0	0	0	0	0	0	0	0	1	0	1	1	1	0	0	1	0	0	0	0	1	0	1	0	0	0	0	0	0	0	0	0	0	0	0	1	1	0	0	0	1	0	0	1	0	0	0
mokC	1	0	0	0	1	1	0	1	0	0	1	1	1	0	1	0	1	0	0	2	1	1	2	1	1	0	2	0	1	0	0	0	1	0	0	0	1	0	0	1	0	0	0	1	1	0	1	2	0	0	0	1	0	0	0	1	1	0	0	0	0	0	0	0	1	0	0	0	1	1	2	1	0	1	0	1	1	1	0	1	1	1	1	1	0	1	0	0	1	0	1	0	0	1	1	0	0	0	1
mreB	0	1	1	1	0	0	1	0	0	1	1	0	0	1	0	0	1	1	1	0	0	1	3	0	0	0	3	1	1	1	1	1	0	0	1	1	0	1	0	2	0	1	0	0	0	0	0	3	1	1	1	0	0	0	1	0	0	1	1	1	1	1	2	1	1	1	1	1	1	0	0	0	1	0	1	0	0	0	0	0	0	0	0	0	0	0	0	1	2	1	0	1	1	0	0	1	0	1	0
mreC	0	0	0	1	0	0	0	0	1	0	1	0	0	0	0	1	0	0	0	0	0	0	1	0	0	1	0	0	0	1	0	0	1	1	1	0	0	0	1	1	1	0	1	0	0	1	0	1	0	0	0	0	1	1	0	0	0	0	0	0	0	0	1	0	0	0	0	0	0	0	0	0	0	0	0	0	0	0	1	0	0	0	0	0	1	0	1	0	1	0	1	0	0	0	0	0	1	0	0
nadR	1	1	1	2	0	1	1	1	1	1	3	0	0	1	1	1	0	1	0	1	1	0	4	1	0	1	3	1	1	2	1	1	2	1	2	1	1	2	1	1	1	1	1	1	0	1	1	4	1	1	0	0	1	1	1	0	1	0	1	0	1	1	3	1	1	0	1	1	1	1	1	0	1	0	1	1	1	1	1	1	1	1	0	1	1	1	1	1	3	1	2	1	1	1	0	1	1	1	1
narZ	0	0	0	1	0	0	0	0	1	0	1	0	0	0	0	1	0	0	0	0	0	0	1	0	0	1	0	0	0	1	0	0	1	1	1	0	0	0	1	1	1	0	1	0	0	1	0	1	0	0	0	0	1	1	0	0	0	0	0	0	0	0	1	0	0	0	0	0	0	0	0	0	0	0	0	0	0	0	1	0	0	0	0	0	1	0	1	0	1	0	1	0	0	0	0	0	1	0	0
nudC	0	1	0	1	0	0	1	0	0	0	0	0	0	1	0	0	0	0	0	0	0	0	1	0	0	0	1	0	1	1	0	0	0	0	0	1	0	1	0	1	0	1	0	0	0	0	0	1	0	1	0	0	0	0	0	0	0	0	0	0	1	0	1	1	1	0	0	1	0	0	0	0	1	0	1	0	0	0	0	0	0	0	0	0	0	0	0	1	1	0	0	0	1	0	0	1	0	0	0
oppD	0	0	0	1	0	0	0	0	1	0	1	0	0	0	0	1	0	0	0	0	0	0	1	0	0	1	0	0	0	1	0	0	1	1	1	0	0	0	1	1	1	0	1	0	0	1	0	1	0	0	0	0	1	1	0	0	0	0	0	0	0	0	1	0	0	0	0	0	0	0	0	0	0	0	0	0	0	0	1	0	0	0	0	0	1	0	1	0	1	0	1	0	0	0	0	0	1	0	0
phoH	1	0	0	0	0	1	0	1	0	0	1	0	0	0	1	0	0	0	0	1	1	0	1	1	0	0	1	0	0	0	0	0	1	0	0	0	1	0	0	1	0	0	0	1	0	0	1	1	0	0	0	0	0	0	0	0	1	0	0	0	0	0	0	0	0	0	0	0	0	1	1	0	0	0	0	1	1	1	0	1	1	1	0	1	0	1	0	0	1	0	1	0	0	1	0	0	0	0	1
plsB	0	0	0	0	1	0	0	0	0	0	0	1	1	0	0	0	1	0	0	1	0	1	1	0	1	0	1	0	1	0	0	0	0	0	0	0	1	0	0	0	0	0	0	0	1	0	0	1	0	0	0	1	0	0	0	1	0	0	0	0	0	0	0	0	1	0	0	0	1	0	1	1	0	1	0	0	0	0	0	0	0	0	1	0	0	0	0	0	0	0	0	0	0	0	1	0	0	0	0
prlA	0	0	0	1	0	0	0	0	1	0	1	0	0	0	0	1	0	0	0	0	0	0	1	0	0	1	0	0	0	1	0	0	1	1	1	0	0	0	1	1	1	0	1	0	0	1	0	1	0	0	0	0	1	1	0	0	0	0	0	0	0	0	1	0	0	0	0	0	0	0	0	0	0	0	0	0	0	0	1	0	0	0	0	0	1	0	1	0	1	0	1	0	0	0	0	0	1	0	0
proX	1	0	0	0	0	1	0	1	0	0	1	0	0	0	1	0	0	0	0	1	1	0	1	1	0	0	1	0	0	0	0	0	1	0	0	0	1	0	0	1	0	0	0	1	0	0	1	1	0	0	0	0	0	0	0	0	1	0	0	0	0	0	0	0	0	0	0	0	0	1	1	0	0	0	0	1	1	1	0	1	1	1	0	1	0	1	0	0	1	0	1	0	0	1	0	0	0	0	1
pykF	1	1	1	2	1	1	1	1	1	1	3	1	1	1	1	1	2	1	1	2	1	2	6	1	1	1	5	1	2	2	1	1	2	1	2	1	2	3	1	4	1	1	1	1	1	1	1	1	1	1	1	1	1	1	1	1	1	1	1	1	1	1	3	1	2	1	1	1	2	1	2	1	1	1	1	1	1	1	1	1	1	1	1	1	1	1	1	1	4	1	2	1	1	1	1	1	1	1	1
rbsA	0	0	1	0	0	0	0	0	0	1	1	0	0	0	0	0	0	1	0	0	0	0	1	0	0	0	1	1	0	0	1	1	0	0	1	0	0	1	0	1	0	0	0	0	0	0	0	1	1	0	0	0	0	0	1	0	0	0	1	0	0	1	1	0	0	0	1	0	1	0	0	0	0	0	0	0	0	0	0	0	0	0	0	0	0	0	0	0	0	1	0	1	0	0	0	0	0	1	0
rbsB	0	1	0	1	0	0	1	0	0	0	0	0	0	1	0	0	0	0	0	0	0	0	1	0	0	0	1	0	1	1	0	0	0	0	0	1	0	1	0	1	0	1	0	0	0	0	0	1	0	1	0	0	0	0	0	0	0	0	0	0	1	0	1	1	1	0	0	1	0	0	0	0	1	0	1	0	0	0	0	0	0	0	0	0	0	0	0	1	1	0	0	0	1	0	0	1	0	0	0
rbsD	0	0	0	0	0	0	0	0	0	0	0	0	0	0	0	0	1	0	1	0	0	1	1	0	0	0	1	0	0	0	0	0	0	0	0	0	0	1	0	0	0	0	0	0	0	0	0	1	0	0	1	0	0	0	0	0	0	1	0	1	0	0	0	0	0	1	0	0	0	0	0	0	0	0	0	0	0	0	0	0	0	0	0	0	0	0	0	0	1	0	0	0	0	0	0	0	0	0	0
rbsR	0	0	0	0	1	0	0	0	0	0	0	1	1	0	0	0	1	0	0	1	0	1	1	0	1	0	1	0	1	0	0	0	0	0	0	0	1	0	0	0	0	0	0	0	1	0	0	1	0	0	0	1	0	0	0	1	0	0	0	0	0	0	0	0	1	0	0	0	1	0	1	1	0	1	0	0	0	0	0	0	0	0	1	0	0	0	0	0	0	0	0	0	0	0	1	0	0	0	0
recO	0	0	0	1	0	0	0	0	1	0	1	0	0	0	0	1	0	0	0	0	0	0	1	0	0	1	0	0	0	1	0	0	1	1	1	0	0	0	1	1	1	0	1	0	0	1	0	1	0	0	0	0	1	1	0	0	0	0	0	0	0	0	1	0	0	0	0	0	0	0	0	0	0	0	0	0	0	0	1	0	0	0	0	0	1	0	1	0	1	0	1	0	0	0	0	0	1	0	0
rfbB	0	0	0	1	0	0	0	0	1	0	1	0	0	0	0	1	0	0	0	0	0	0	1	0	0	1	0	0	0	1	0	0	1	1	1	0	0	0	1	1	1	0	1	0	0	1	0	1	0	0	0	0	1	1	0	0	0	0	0	0	0	0	1	0	0	0	0	0	0	0	0	0	0	0	0	0	0	0	1	0	0	0	0	0	1	0	1	0	1	0	1	0	0	0	0	0	1	0	0
rnb	0	0	1	0	0	0	0	0	0	1	1	0	0	0	0	0	0	1	0	0	0	0	1	0	0	0	1	1	0	0	1	1	0	0	1	0	0	1	0	1	0	0	0	0	0	0	0	1	1	0	0	0	0	0	1	0	0	0	1	0	0	1	1	0	0	0	1	0	1	0	0	0	0	0	0	0	0	0	0	0	0	0	0	0	0	0	0	0	0	1	0	1	0	0	0	0	0	1	0
rne	0	0	0	0	1	0	0	0	0	0	0	1	1	0	0	0	1	0	0	1	0	1	1	0	1	0	1	0	1	0	0	0	0	0	0	0	1	0	0	0	0	0	0	0	1	0	0	1	0	0	0	1	0	0	0	1	0	0	0	0	0	0	0	0	1	0	0	0	1	0	1	1	0	1	0	0	0	0	0	0	0	0	1	0	0	0	0	0	0	0	0	0	0	0	1	0	0	0	0
rpiR	1	0	0	0	0	1	0	1	0	0	1	0	0	0	1	0	0	0	0	1	1	0	1	1	0	0	1	0	0	0	0	0	1	0	0	0	1	0	0	1	0	0	0	1	0	0	1	1	0	0	0	0	0	0	0	0	1	0	0	0	0	0	0	0	0	0	0	0	0	1	1	0	0	0	0	1	1	1	0	1	1	1	0	1	0	1	0	0	1	0	1	0	0	1	0	0	0	0	1
rplF	0	0	0	0	0	0	0	0	0	0	0	0	0	0	0	0	1	0	1	0	0	1	1	0	0	0	1	0	0	0	0	0	0	0	0	0	0	1	0	0	0	0	0	0	0	0	0	1	0	0	1	0	0	0	0	0	0	1	0	1	0	0	0	0	0	1	0	0	0	0	0	0	0	0	0	0	0	0	0	0	0	0	0	0	0	0	0	0	1	0	0	0	0	0	0	0	0	0	0
rpsA	0	0	1	0	0	0	0	0	0	1	1	0	0	0	0	0	0	1	0	0	0	0	1	0	0	0	1	1	0	0	1	1	0	0	1	0	0	1	0	1	0	0	0	0	0	0	0	1	1	0	0	0	0	0	1	0	0	0	1	0	0	1	1	0	0	0	1	0	1	0	0	0	0	0	0	0	0	0	0	0	0	0	0	0	0	0	0	0	0	1	0	1	0	0	0	0	0	1	0
rpsC	0	0	0	0	0	0	0	0	0	0	0	0	0	0	0	0	1	0	1	0	0	1	1	0	0	0	1	0	0	0	0	0	0	0	0	0	0	1	0	0	0	0	0	0	0	0	0	1	0	0	1	0	0	0	0	0	0	1	0	1	0	0	0	0	0	1	0	0	0	0	0	0	0	0	0	0	0	0	0	0	0	0	0	0	0	0	0	0	1	0	0	0	0	0	0	0	0	0	0
sapF	0	1	0	1	0	0	1	0	0	0	0	0	0	1	0	0	0	0	0	0	0	0	1	0	0	0	1	0	1	1	0	0	0	0	0	1	0	1	0	1	0	1	0	0	0	0	0	1	0	1	0	0	0	0	0	0	0	0	0	0	1	0	1	1	1	0	0	1	0	0	0	0	1	0	1	0	0	0	0	0	0	0	0	0	0	0	0	1	1	0	0	0	1	0	0	1	0	0	0
speG	0	0	1	0	0	0	0	0	0	1	1	0	0	0	0	0	0	1	0	0	0	0	1	0	0	0	1	1	0	0	1	1	0	0	1	0	0	1	0	1	0	0	0	0	0	0	0	1	1	0	0	0	0	0	1	0	0	0	1	0	0	1	1	0	0	0	1	0	1	0	0	0	0	0	0	0	0	0	0	0	0	0	0	0	0	0	0	0	0	1	0	1	0	0	0	0	0	1	0
spoT	0	1	1	2	0	0	1	0	1	1	2	0	0	1	0	1	0	1	0	0	0	0	3	0	0	1	2	1	1	2	1	1	1	1	2	1	0	2	1	3	1	1	1	0	0	1	0	3	1	1	0	0	1	1	1	0	0	0	1	0	1	1	1	1	1	0	1	1	1	0	0	0	1	0	1	0	0	0	1	0	0	0	0	0	1	0	1	1	2	1	1	1	1	0	0	1	1	1	0
thiI	0	1	0	1	0	0	1	0	0	0	0	0	0	1	0	0	0	0	0	0	0	0	1	0	0	0	1	0	1	1	0	0	0	0	0	1	0	1	0	1	0	1	0	0	0	0	0	1	0	1	0	0	0	0	0	0	0	0	0	0	1	0	1	1	1	0	0	1	0	0	0	0	1	0	1	0	0	0	0	0	0	0	0	0	0	0	0	1	1	0	0	0	1	0	0	1	0	0	0
thrA	0	1	0	1	1	0	1	0	0	0	0	1	1	1	0	0	1	0	0	1	0	1	2	0	1	0	2	0	2	1	0	0	0	0	0	1	1	1	0	1	0	1	0	0	1	0	0	2	0	1	0	1	0	0	0	1	0	0	0	0	1	0	1	1	1	0	0	1	1	0	1	1	1	1	1	0	0	0	0	0	0	0	1	0	0	0	0	1	1	0	0	0	1	0	1	1	0	0	0
trkH	0	0	0	0	0	0	0	0	0	0	0	0	0	0	0	0	1	0	1	0	0	1	1	0	0	0	1	0	0	0	0	0	0	0	0	0	0	1	0	0	0	0	0	0	0	0	0	1	0	0	1	0	0	0	0	0	0	1	0	1	0	0	0	0	0	1	0	0	0	0	0	0	0	0	0	0	0	0	0	0	0	0	0	0	0	0	0	0	1	0	0	0	0	0	0	0	0	0	0
wzy	0	0	1	0	0	0	0	0	0	1	1	0	0	0	0	0	0	1	0	0	0	0	1	0	0	0	1	1	0	0	1	1	0	0	1	0	0	1	0	1	0	0	0	0	0	0	0	1	1	0	0	0	0	0	1	0	0	0	1	0	0	1	1	0	0	0	1	0	1	0	0	0	0	0	0	0	0	0	0	0	0	0	0	0	0	0	0	0	0	1	0	1	0	0	0	0	0	1	0
ybaE	0	1	0	1	0	0	1	0	0	0	0	0	0	1	0	0	0	0	0	0	0	0	1	0	0	0	1	0	1	1	0	0	0	0	0	1	0	1	0	1	0	1	0	0	0	0	0	1	0	1	0	0	0	0	0	0	0	0	0	0	1	0	1	1	1	0	0	1	0	0	0	0	1	0	1	0	0	0	0	0	0	0	0	0	0	0	0	1	1	0	0	0	1	0	0	1	0	0	0
ybaL	0	0	1	0	1	0	0	0	0	1	1	1	1	0	0	0	1	1	0	1	0	1	2	0	1	0	2	1	1	0	1	1	0	0	1	0	1	1	0	1	0	0	0	0	1	0	0	2	1	0	0	1	0	0	1	1	0	0	1	0	0	1	1	0	1	0	1	0	1	0	1	1	0	1	0	0	0	0	0	0	0	0	1	0	0	0	0	0	0	1	0	1	0	0	1	0	0	1	0
ybbN	1	0	0	0	0	1	0	1	0	0	1	0	0	0	1	0	0	0	0	1	1	0	1	1	0	0	1	0	0	0	0	0	1	0	0	0	1	0	0	1	0	0	0	1	0	0	1	1	0	0	0	0	0	0	0	0	1	0	0	0	0	0	0	0	0	0	0	0	0	1	1	0	0	0	0	1	1	1	0	1	1	1	0	1	0	1	0	0	1	0	1	0	0	1	0	0	0	0	1
ybeB	1	0	0	0	1	1	0	1	0	0	1	1	1	0	1	0	1	0	0	2	1	1	2	1	1	0	2	0	1	0	0	0	1	0	0	0	2	0	0	1	0	0	0	1	1	0	1	2	0	0	0	1	0	0	0	1	1	0	0	0	0	0	0	0	1	0	0	0	1	1	1	1	0	1	0	1	1	1	0	1	1	1	1	1	0	1	0	0	1	0	1	0	0	1	1	0	0	0	1
ybeM	0	0	0	0	1	0	0	0	0	0	0	1	1	0	0	0	1	0	0	1	0	1	1	0	1	0	1	0	1	0	0	0	0	0	0	0	1	0	0	0	0	0	0	0	1	0	0	1	0	0	0	1	0	0	0	1	0	0	0	0	0	0	0	0	1	0	0	0	1	0	1	1	0	1	0	0	0	0	0	0	0	0	1	0	0	0	0	0	0	0	0	0	0	0	1	0	0	0	0
ybhP	0	1	0	1	0	0	1	0	0	0	0	0	0	1	0	0	0	0	0	0	0	0	1	0	0	0	1	0	1	1	0	0	0	0	0	1	0	1	0	1	0	1	0	0	0	0	0	1	0	1	0	0	0	0	0	0	0	0	0	0	1	0	1	1	1	0	0	1	0	0	0	0	1	0	1	0	0	0	0	0	0	0	0	0	0	0	0	1	1	0	0	0	1	0	0	1	0	0	0
ycdM	0	0	0	0	1	0	0	0	0	0	0	1	1	0	0	0	1	0	0	1	0	1	1	0	1	0	1	0	1	0	0	0	0	0	0	0	1	0	0	0	0	0	0	0	1	0	0	1	0	0	0	1	0	0	0	1	0	0	0	0	0	0	0	0	1	0	0	0	1	0	1	1	0	1	0	0	0	0	0	0	0	0	1	0	0	0	0	0	0	0	0	0	0	0	1	0	0	0	0
yceK	0	1	0	1	0	0	1	0	0	0	0	0	0	1	0	0	0	0	0	0	0	0	1	0	0	0	1	0	1	1	0	0	0	0	0	1	0	1	0	1	0	1	0	0	0	0	0	1	0	1	0	0	0	0	0	0	0	0	0	0	1	0	1	1	1	0	0	1	0	0	0	0	1	0	1	0	0	0	0	0	0	0	0	0	0	0	0	1	1	0	0	0	1	0	0	1	0	0	0
ycfC	1	0	0	0	0	1	0	1	0	0	1	0	0	0	1	0	0	0	0	1	1	0	1	1	0	0	1	0	0	0	0	0	1	0	0	0	1	0	0	1	0	0	0	1	0	0	1	1	0	0	0	0	0	0	0	0	1	0	0	0	0	0	0	0	0	0	0	0	0	1	1	0	0	0	0	1	1	1	0	1	1	1	0	1	0	1	0	0	1	0	1	0	0	1	0	0	0	0	1
yebY	1	0	0	0	0	1	0	1	0	0	1	0	0	0	1	0	0	0	0	1	1	0	1	1	0	0	1	0	0	0	0	0	1	0	0	0	1	0	0	1	0	0	0	1	0	0	1	1	0	0	0	0	0	0	0	0	1	0	0	0	0	0	0	0	0	0	0	0	0	1	1	0	0	0	0	1	1	1	0	1	1	1	0	1	0	1	0	0	1	0	1	0	0	1	0	0	0	0	1
yecE	1	0	0	0	0	1	0	1	0	0	1	0	0	0	1	0	0	0	0	1	1	0	1	1	0	0	1	0	0	0	0	0	1	0	0	0	1	0	0	1	0	0	0	1	0	0	1	1	0	0	0	0	0	0	0	0	1	0	0	0	0	0	0	0	0	0	0	0	0	1	1	0	0	0	0	1	1	1	0	1	1	1	0	1	0	1	0	0	1	0	1	0	0	1	0	0	0	0	1
yeeF	0	0	0	1	0	0	0	0	1	0	1	0	0	0	0	1	0	0	0	0	0	0	1	0	0	1	0	0	0	1	0	0	1	1	1	0	0	0	1	1	1	0	1	0	0	1	0	1	0	0	0	0	1	1	0	0	0	0	0	0	0	0	1	0	0	0	0	0	0	0	0	0	0	0	0	0	0	0	1	0	0	0	0	0	1	0	1	0	1	0	1	0	0	0	0	0	1	0	0
yeeR	1	0	0	0	0	1	0	1	0	0	1	0	0	0	1	0	0	0	0	1	1	0	1	1	0	0	1	0	0	0	0	0	1	0	0	0	1	0	0	1	0	0	0	1	0	0	1	1	0	0	0	0	0	0	0	0	1	0	0	0	0	0	0	0	0	0	0	0	0	1	1	0	0	0	0	1	1	1	0	1	1	1	0	1	0	1	0	0	1	0	1	0	0	1	0	0	0	0	1
yeeU	1	0	0	0	0	1	0	1	0	0	1	0	0	0	1	0	0	0	0	1	1	0	1	1	0	0	1	0	0	0	0	0	1	0	0	0	1	0	0	1	0	0	0	1	0	0	1	1	0	0	0	0	0	0	0	0	1	0	0	0	0	0	0	0	0	0	0	0	0	1	1	0	0	0	0	1	1	1	0	1	1	1	0	1	0	1	0	0	1	0	1	0	0	1	0	0	0	0	1
yegO	1	0	0	0	0	1	0	1	0	0	1	0	0	0	1	0	0	0	0	1	1	0	1	1	0	0	1	0	0	0	0	0	1	0	0	0	1	0	0	1	0	0	0	1	0	0	1	1	0	0	0	0	0	0	0	0	1	0	0	0	0	0	0	0	0	0	0	0	0	1	1	0	0	0	0	1	1	1	0	1	1	1	0	1	0	1	0	0	1	0	1	0	0	1	0	0	0	0	1
yfaQ	0	0	0	0	1	0	0	0	0	0	0	1	1	0	0	0	1	0	0	1	0	1	1	0	1	0	1	0	1	0	0	0	0	0	0	0	1	0	0	0	0	0	0	0	1	0	0	1	0	0	0	1	0	0	0	1	0	0	0	0	0	0	0	0	1	0	0	0	1	0	1	1	0	1	0	0	0	0	0	0	0	0	1	0	0	0	0	0	0	0	0	0	0	0	1	0	0	0	0
yfcTU	1	0	0	0	0	1	0	1	0	0	1	0	0	0	1	0	0	0	0	1	1	0	1	1	0	0	1	0	0	0	0	0	1	0	0	0	1	0	0	1	0	0	0	1	0	0	1	1	0	0	0	0	0	0	0	0	1	0	0	0	0	0	0	0	0	0	0	0	0	1	1	0	0	0	0	1	1	1	0	1	1	1	0	1	0	1	0	0	1	0	1	0	0	1	0	0	0	0	1
yggM	0	0	0	1	0	0	0	0	1	0	1	0	0	0	0	1	0	0	0	0	0	0	1	0	0	1	0	0	0	1	0	0	1	1	1	0	0	0	1	1	1	0	1	0	0	1	0	1	0	0	0	0	1	1	0	0	0	0	0	0	0	0	1	0	0	0	0	0	0	0	0	0	0	0	0	0	0	0	1	0	0	0	0	0	1	0	1	0	1	0	1	0	0	0	0	0	1	0	0
yghS	1	0	0	0	0	1	0	1	0	0	1	0	0	0	1	0	0	0	0	1	1	0	1	1	0	0	1	0	0	0	0	0	1	0	0	0	1	0	0	1	0	0	0	1	0	0	1	1	0	0	0	0	0	0	0	0	1	0	0	0	0	0	0	0	0	0	0	0	0	1	1	0	0	0	0	1	1	1	0	1	1	1	0	1	0	1	0	0	1	0	1	0	0	1	0	0	0	0	1
ygjD	0	0	0	1	0	0	0	0	1	0	1	0	0	0	0	1	0	0	0	0	0	0	1	0	0	1	0	0	0	1	0	0	1	1	1	0	0	0	1	1	1	0	1	0	0	1	0	1	0	0	0	0	1	1	0	0	0	0	0	0	0	0	1	0	0	0	0	0	0	0	0	0	0	0	0	0	0	0	1	0	0	0	0	0	1	0	1	0	1	0	1	0	0	0	0	0	1	0	0
ygjG	0	1	0	1	0	0	1	0	0	0	0	0	0	1	0	0	0	0	0	0	0	0	1	0	0	0	1	0	1	1	0	0	0	0	0	1	0	1	0	1	0	1	0	0	0	0	0	1	0	1	0	0	0	0	0	0	0	0	0	0	1	0	1	1	1	0	0	1	0	0	0	0	1	0	1	0	0	0	0	0	0	0	0	0	0	0	0	1	1	0	0	0	1	0	0	1	0	0	0
yhdG	1	1	0	2	0	1	1	1	1	0	2	0	0	1	1	1	1	0	1	1	1	1	4	1	0	1	3	0	1	2	0	0	2	1	1	1	1	2	1	3	1	1	1	1	0	1	1	4	0	1	1	0	1	1	0	0	1	1	0	1	1	0	2	1	1	1	0	1	0	1	1	0	1	0	1	1	1	1	1	1	1	1	0	1	1	1	1	1	1	0	2	0	1	1	0	1	1	0	1
yhdJ	0	0	1	0	0	0	0	0	0	1	1	0	0	0	0	0	0	1	0	0	0	0	1	0	0	0	1	1	0	0	1	1	0	0	1	0	0	1	0	1	0	0	0	0	0	0	0	1	1	0	0	0	0	0	1	0	0	0	1	0	0	1	1	0	0	0	1	0	1	0	0	0	0	0	0	0	0	0	0	0	0	0	0	0	0	0	0	0	0	1	0	1	0	0	0	0	0	1	0
yieO	1	0	0	1	0	1	0	1	1	0	2	0	0	0	1	1	0	0	0	1	1	0	2	1	0	1	1	0	0	1	0	0	2	1	1	0	1	0	1	2	1	0	1	1	0	1	1	2	0	0	0	0	1	1	0	0	1	0	0	0	0	0	1	0	0	0	0	0	0	1	1	0	0	0	0	1	1	1	1	1	1	1	0	1	1	1	1	0	2	0	1	0	0	1	0	0	1	0	1
yihP	0	0	1	0	0	0	0	0	0	1	1	0	0	0	0	0	0	1	0	0	0	0	1	0	0	0	1	1	0	0	1	1	0	0	1	0	0	1	0	1	0	0	0	0	0	0	0	1	1	0	0	0	0	0	1	0	0	0	1	0	0	1	1	0	0	0	1	0	1	0	0	0	0	0	0	0	0	0	0	0	0	0	0	0	0	0	0	0	0	1	0	1	0	0	0	0	0	1	0
yjcE	0	1	0	1	0	0	1	0	0	0	0	0	0	1	0	0	0	0	0	0	0	0	1	0	0	0	1	0	1	1	0	0	0	0	0	1	0	1	0	1	0	1	0	0	0	0	0	1	0	1	0	0	0	0	0	0	0	0	0	0	1	0	1	1	1	0	0	1	0	0	0	0	1	0	1	0	0	0	0	0	0	0	0	0	0	0	0	1	1	0	0	0	1	0	0	1	0	0	0
yjeB	1	0	0	0	0	1	0	1	0	0	1	0	0	0	1	0	0	0	0	1	1	0	1	1	0	0	1	0	0	0	0	0	1	0	0	0	1	0	0	1	0	0	0	1	0	0	1	1	0	0	0	0	0	0	0	0	1	0	0	0	0	0	0	0	0	0	0	0	0	1	1	0	0	0	0	1	1	1	0	1	1	1	0	1	0	1	0	0	1	0	1	0	0	1	0	0	0	0	1
yjiX	0	0	0	0	1	0	0	0	0	0	0	1	1	0	0	0	1	0	0	1	0	1	1	0	1	0	1	0	1	0	0	0	0	0	0	0	1	0	0	0	0	0	0	0	1	0	0	1	0	0	0	1	0	0	0	1	0	0	0	0	0	0	0	0	1	0	0	0	1	0	1	1	0	1	0	0	0	0	0	0	0	0	1	0	0	0	0	0	0	0	0	0	0	0	1	0	0	0	0
yjjY	0	1	0	1	0	0	1	0	0	0	0	0	0	1	0	0	0	0	0	0	0	0	1	0	0	0	1	0	1	1	0	0	0	0	0	1	0	1	0	1	0	1	0	0	0	0	0	1	0	1	0	0	0	0	0	0	0	0	0	0	1	0	1	1	1	0	0	1	0	0	0	0	1	0	1	0	0	0	0	0	0	0	0	0	0	0	0	1	1	0	0	0	1	0	0	1	0	0	0
ylcG	0	0	0	1	0	0	0	0	1	0	1	0	0	0	0	1	0	0	0	0	0	0	1	0	0	1	0	0	0	1	0	0	1	1	1	0	0	0	1	1	1	0	1	0	0	1	0	1	0	0	0	0	1	1	0	0	0	0	0	0	0	0	1	0	0	0	0	0	0	0	0	0	0	0	0	0	0	0	1	0	0	0	0	0	1	0	1	0	1	0	1	0	0	0	0	0	1	0	0
yqeB	0	0	1	0	0	0	0	0	0	1	1	0	0	0	0	0	0	1	0	0	0	0	1	0	0	0	1	1	0	0	1	1	0	0	1	0	0	1	0	1	0	0	0	0	0	0	0	1	1	0	0	0	0	0	1	0	0	0	1	0	0	1	1	0	0	0	1	0	1	0	0	0	0	0	0	0	0	0	0	0	0	0	0	0	0	0	0	0	0	1	0	1	0	0	0	0	0	1	0
yqhH	1	0	0	0	0	1	0	1	0	0	1	0	0	0	1	0	0	0	0	1	1	0	1	1	0	0	1	0	0	0	0	0	1	0	0	0	1	0	0	1	0	0	0	1	0	0	1	1	0	0	0	0	0	0	0	0	1	0	0	0	0	0	0	0	0	0	0	0	0	1	1	0	0	0	0	1	1	1	0	1	1	1	0	1	0	1	0	0	1	0	1	0	0	1	0	0	0	0	1
