	ECB_01992	ECB_03722	acpP	appC	arcA	cycA	fabF	flgB	hokB	hokD	hslU	iap	iclR	infB	infC	malT	metH	mokC	mreB	mreC	nadR	oppD	phoH	prlA	pykF	rbsA	rbsB	rbsD	rbsR	rplF	rpsA	rpsC	sapF	speG	spoT	thrA	trkH	wzy	ybaE	ybaL	ybbN	ybeB	ybhP	ycdM	yceK	ycfC	yecE	yeeR	yeeU	yfaQ	yfcTU	yggM	ygjD	yhdG	yieO	yihP	ylcG
ECB_01992	1	1	0	0	0	0	0	0	0	0	1	0	0	1	1	0	0	0	1	0	1	0	0	0	1	0	1	0	0	0	0	0	1	0	1	1	0	0	1	0	0	0	1	0	1	0	0	0	0	0	0	0	0	1	0	0	0
ECB_03722	1	1	0	0	0	0	0	0	0	0	1	0	0	1	1	0	0	0	1	0	1	0	0	0	1	0	1	0	0	0	0	0	1	0	1	1	0	0	1	0	0	0	1	0	1	0	0	0	0	0	0	0	0	1	0	0	0
acpP	0	0	1	0	1	1	0	0	1	1	1	0	0	0	0	1	0	1	0	0	1	0	1	0	1	0	0	0	0	0	0	0	0	0	0	0	0	0	0	0	1	1	0	0	0	1	1	1	1	0	1	0	0	0	1	0	0
appC	0	0	0	1	1	0	0	1	0	0	1	0	0	0	0	0	1	0	1	0	1	0	0	0	1	1	0	0	0	0	1	0	0	1	1	0	0	1	0	1	0	0	0	0	0	0	0	0	0	0	0	0	0	0	0	1	0
arcA	0	0	1	1	1	1	0	1	1	1	3	1	0	0	1	2	2	1	1	1	3	1	1	1	3	1	0	0	0	0	1	0	0	1	2	0	0	1	0	1	1	1	0	0	0	1	1	1	1	0	1	1	1	1	2	1	1
cycA	0	0	1	0	1	1	0	0	1	1	1	0	0	0	0	1	0	1	0	0	1	0	1	0	1	0	0	0	0	0	0	0	0	0	0	0	0	0	0	0	1	1	0	0	0	1	1	1	1	0	1	0	0	0	1	0	0
fabF	0	0	0	0	0	0	1	0	1	0	2	0	2	1	0	0	0	1	1	0	0	0	0	0	2	0	0	1	1	1	0	1	0	0	0	0	1	0	0	1	0	1	0	1	0	0	0	0	0	1	0	0	0	1	0	0	0
flgB	0	0	0	1	1	0	0	1	0	0	1	0	0	0	0	0	1	0	1	0	1	0	0	0	1	1	0	0	0	0	1	0	0	1	1	0	0	1	0	1	0	0	0	0	0	0	0	0	0	0	0	0	0	0	0	1	0
hokB	0	0	1	0	1	1	1	0	1	1	2	0	1	1	0	1	0	2	0	0	1	0	1	0	2	0	0	0	1	0	0	0	0	0	0	0	0	0	0	1	1	2	0	1	0	1	1	1	1	1	1	0	0	0	1	0	0
hokD	0	0	1	0	1	1	0	0	1	1	1	0	0	0	0	1	0	1	0	0	1	0	1	0	1	0	0	0	0	0	0	0	0	0	0	0	0	0	0	0	1	1	0	0	0	1	1	1	1	0	1	0	0	0	1	0	0
hslU	1	1	1	1	3	1	2	1	2	1	1	1	2	2	2	2	2	2	3	1	4	1	1	1	6	1	1	1	1	1	1	1	1	1	3	1	1	1	1	2	1	2	1	1	1	1	1	1	1	1	1	1	1	3	2	1	1
iap	0	0	0	0	1	0	0	0	0	0	1	1	0	0	1	1	1	0	0	1	1	1	0	1	1	0	0	0	0	0	0	0	0	0	1	0	0	0	0	0	0	0	0	0	0	0	0	0	0	0	0	1	1	1	1	0	1
iclR	0	0	0	0	0	0	2	0	1	0	2	0	1	1	0	0	0	1	1	0	0	0	0	0	2	0	0	1	1	1	0	1	0	0	0	0	1	0	0	1	0	1	0	1	0	0	0	0	0	1	0	0	0	1	0	0	0
infB	1	1	0	0	0	0	1	0	1	0	2	0	1	1	1	0	0	1	1	0	1	0	0	0	2	0	1	0	1	0	0	0	1	0	1	1	0	0	1	1	0	1	1	1	1	0	0	0	0	1	0	0	0	1	0	0	0
infC	1	1	0	0	1	0	0	0	0	0	2	1	0	1	1	1	1	0	1	1	2	1	0	1	2	0	1	0	0	0	0	0	1	0	2	1	0	0	1	0	0	0	1	0	1	0	0	0	0	0	0	1	1	2	1	0	1
malT	0	0	1	0	2	1	0	0	1	1	2	1	0	0	1	1	1	1	0	1	2	1	1	1	2	0	0	0	0	0	0	0	0	0	1	0	0	0	0	0	1	1	0	0	0	1	1	1	1	0	1	1	1	1	2	0	1
metH	0	0	0	1	2	0	0	1	0	0	2	1	0	0	1	1	1	0	1	1	2	1	0	1	2	1	0	0	0	0	1	0	0	1	2	0	0	1	0	1	0	0	0	0	0	0	0	0	0	0	0	1	1	1	1	1	1
mokC	0	0	1	0	1	1	1	0	2	1	2	0	1	1	0	1	0	1	0	0	1	0	1	0	2	0	0	0	1	0	0	0	0	0	0	0	0	0	0	1	1	2	0	1	0	1	1	1	1	1	1	0	0	0	1	0	0
mreB	1	1	0	1	1	0	1	1	0	0	3	0	1	1	1	0	1	0	1	0	2	0	0	0	3	1	1	1	0	1	1	1	1	1	2	1	1	1	1	1	0	0	1	0	1	0	0	0	0	0	0	0	0	2	0	1	0
mreC	0	0	0	0	1	0	0	0	0	0	1	1	0	0	1	1	1	0	0	1	1	1	0	1	1	0	0	0	0	0	0	0	0	0	1	0	0	0	0	0	0	0	0	0	0	0	0	0	0	0	0	1	1	1	1	0	1
nadR	1	1	1	1	3	1	0	1	1	1	4	1	0	1	2	2	2	1	2	1	1	1	1	1	4	1	1	0	0	0	1	0	1	1	3	1	0	1	1	1	1	1	1	0	1	1	1	1	1	0	1	1	1	2	2	1	1
oppD	0	0	0	0	1	0	0	0	0	0	1	1	0	0	1	1	1	0	0	1	1	1	0	1	1	0	0	0	0	0	0	0	0	0	1	0	0	0	0	0	0	0	0	0	0	0	0	0	0	0	0	1	1	1	1	0	1
phoH	0	0	1	0	1	1	0	0	1	1	1	0	0	0	0	1	0	1	0	0	1	0	1	0	1	0	0	0	0	0	0	0	0	0	0	0	0	0	0	0	1	1	0	0	0	1	1	1	1	0	1	0	0	0	1	0	0
prlA	0	0	0	0	1	0	0	0	0	0	1	1	0	0	1	1	1	0	0	1	1	1	0	1	1	0	0	0	0	0	0	0	0	0	1	0	0	0	0	0	0	0	0	0	0	0	0	0	0	0	0	1	1	1	1	0	1
pykF	1	1	1	1	3	1	2	1	2	1	6	1	2	2	2	2	2	2	3	1	4	1	1	1	1	1	1	1	1	1	1	1	1	1	3	1	1	1	1	2	1	2	1	1	1	1	1	1	1	1	1	1	1	3	2	1	1
rbsA	0	0	0	1	1	0	0	1	0	0	1	0	0	0	0	0	1	0	1	0	1	0	0	0	1	1	0	0	0	0	1	0	0	1	1	0	0	1	0	1	0	0	0	0	0	0	0	0	0	0	0	0	0	0	0	1	0
rbsB	1	1	0	0	0	0	0	0	0	0	1	0	0	1	1	0	0	0	1	0	1	0	0	0	1	0	1	0	0	0	0	0	1	0	1	1	0	0	1	0	0	0	1	0	1	0	0	0	0	0	0	0	0	1	0	0	0
rbsD	0	0	0	0	0	0	1	0	0	0	1	0	1	0	0	0	0	0	1	0	0	0	0	0	1	0	0	1	0	1	0	1	0	0	0	0	1	0	0	0	0	0	0	0	0	0	0	0	0	0	0	0	0	1	0	0	0
rbsR	0	0	0	0	0	0	1	0	1	0	1	0	1	1	0	0	0	1	0	0	0	0	0	0	1	0	0	0	1	0	0	0	0	0	0	0	0	0	0	1	0	1	0	1	0	0	0	0	0	1	0	0	0	0	0	0	0
rplF	0	0	0	0	0	0	1	0	0	0	1	0	1	0	0	0	0	0	1	0	0	0	0	0	1	0	0	1	0	1	0	1	0	0	0	0	1	0	0	0	0	0	0	0	0	0	0	0	0	0	0	0	0	1	0	0	0
rpsA	0	0	0	1	1	0	0	1	0	0	1	0	0	0	0	0	1	0	1	0	1	0	0	0	1	1	0	0	0	0	1	0	0	1	1	0	0	1	0	1	0	0	0	0	0	0	0	0	0	0	0	0	0	0	0	1	0
rpsC	0	0	0	0	0	0	1	0	0	0	1	0	1	0	0	0	0	0	1	0	0	0	0	0	1	0	0	1	0	1	0	1	0	0	0	0	1	0	0	0	0	0	0	0	0	0	0	0	0	0	0	0	0	1	0	0	0
sapF	1	1	0	0	0	0	0	0	0	0	1	0	0	1	1	0	0	0	1	0	1	0	0	0	1	0	1	0	0	0	0	0	1	0	1	1	0	0	1	0	0	0	1	0	1	0	0	0	0	0	0	0	0	1	0	0	0
speG	0	0	0	1	1	0	0	1	0	0	1	0	0	0	0	0	1	0	1	0	1	0	0	0	1	1	0	0	0	0	1	0	0	1	1	0	0	1	0	1	0	0	0	0	0	0	0	0	0	0	0	0	0	0	0	1	0
spoT	1	1	0	1	2	0	0	1	0	0	3	1	0	1	2	1	2	0	2	1	3	1	0	1	3	1	1	0	0	0	1	0	1	1	1	1	0	1	1	1	0	0	1	0	1	0	0	0	0	0	0	1	1	2	1	1	1
thrA	1	1	0	0	0	0	0	0	0	0	1	0	0	1	1	0	0	0	1	0	1	0	0	0	1	0	1	0	0	0	0	0	1	0	1	1	0	0	1	0	0	0	1	0	1	0	0	0	0	0	0	0	0	1	0	0	0
trkH	0	0	0	0	0	0	1	0	0	0	1	0	1	0	0	0	0	0	1	0	0	0	0	0	1	0	0	1	0	1	0	1	0	0	0	0	1	0	0	0	0	0	0	0	0	0	0	0	0	0	0	0	0	1	0	0	0
wzy	0	0	0	1	1	0	0	1	0	0	1	0	0	0	0	0	1	0	1	0	1	0	0	0	1	1	0	0	0	0	1	0	0	1	1	0	0	1	0	1	0	0	0	0	0	0	0	0	0	0	0	0	0	0	0	1	0
ybaE	1	1	0	0	0	0	0	0	0	0	1	0	0	1	1	0	0	0	1	0	1	0	0	0	1	0	1	0	0	0	0	0	1	0	1	1	0	0	1	0	0	0	1	0	1	0	0	0	0	0	0	0	0	1	0	0	0
ybaL	0	0	0	1	1	0	1	1	1	0	2	0	1	1	0	0	1	1	1	0	1	0	0	0	2	1	0	0	1	0	1	0	0	1	1	0	0	1	0	1	0	1	0	1	0	0	0	0	0	1	0	0	0	0	0	1	0
ybbN	0	0	1	0	1	1	0	0	1	1	1	0	0	0	0	1	0	1	0	0	1	0	1	0	1	0	0	0	0	0	0	0	0	0	0	0	0	0	0	0	1	1	0	0	0	1	1	1	1	0	1	0	0	0	1	0	0
ybeB	0	0	1	0	1	1	1	0	2	1	2	0	1	1	0	1	0	2	0	0	1	0	1	0	2	0	0	0	1	0	0	0	0	0	0	0	0	0	0	1	1	1	0	1	0	1	1	1	1	1	1	0	0	0	1	0	0
ybhP	1	1	0	0	0	0	0	0	0	0	1	0	0	1	1	0	0	0	1	0	1	0	0	0	1	0	1	0	0	0	0	0	1	0	1	1	0	0	1	0	0	0	1	0	1	0	0	0	0	0	0	0	0	1	0	0	0
ycdM	0	0	0	0	0	0	1	0	1	0	1	0	1	1	0	0	0	1	0	0	0	0	0	0	1	0	0	0	1	0	0	0	0	0	0	0	0	0	0	1	0	1	0	1	0	0	0	0	0	1	0	0	0	0	0	0	0
yceK	1	1	0	0	0	0	0	0	0	0	1	0	0	1	1	0	0	0	1	0	1	0	0	0	1	0	1	0	0	0	0	0	1	0	1	1	0	0	1	0	0	0	1	0	1	0	0	0	0	0	0	0	0	1	0	0	0
ycfC	0	0	1	0	1	1	0	0	1	1	1	0	0	0	0	1	0	1	0	0	1	0	1	0	1	0	0	0	0	0	0	0	0	0	0	0	0	0	0	0	1	1	0	0	0	1	1	1	1	0	1	0	0	0	1	0	0
yecE	0	0	1	0	1	1	0	0	1	1	1	0	0	0	0	1	0	1	0	0	1	0	1	0	1	0	0	0	0	0	0	0	0	0	0	0	0	0	0	0	1	1	0	0	0	1	1	1	1	0	1	0	0	0	1	0	0
yeeR	0	0	1	0	1	1	0	0	1	1	1	0	0	0	0	1	0	1	0	0	1	0	1	0	1	0	0	0	0	0	0	0	0	0	0	0	0	0	0	0	1	1	0	0	0	1	1	1	1	0	1	0	0	0	1	0	0
yeeU	0	0	1	0	1	1	0	0	1	1	1	0	0	0	0	1	0	1	0	0	1	0	1	0	1	0	0	0	0	0	0	0	0	0	0	0	0	0	0	0	1	1	0	0	0	1	1	1	1	0	1	0	0	0	1	0	0
yfaQ	0	0	0	0	0	0	1	0	1	0	1	0	1	1	0	0	0	1	0	0	0	0	0	0	1	0	0	0	1	0	0	0	0	0	0	0	0	0	0	1	0	1	0	1	0	0	0	0	0	1	0	0	0	0	0	0	0
yfcTU	0	0	1	0	1	1	0	0	1	1	1	0	0	0	0	1	0	1	0	0	1	0	1	0	1	0	0	0	0	0	0	0	0	0	0	0	0	0	0	0	1	1	0	0	0	1	1	1	1	0	1	0	0	0	1	0	0
yggM	0	0	0	0	1	0	0	0	0	0	1	1	0	0	1	1	1	0	0	1	1	1	0	1	1	0	0	0	0	0	0	0	0	0	1	0	0	0	0	0	0	0	0	0	0	0	0	0	0	0	0	1	1	1	1	0	1
ygjD	0	0	0	0	1	0	0	0	0	0	1	1	0	0	1	1	1	0	0	1	1	1	0	1	1	0	0	0	0	0	0	0	0	0	1	0	0	0	0	0	0	0	0	0	0	0	0	0	0	0	0	1	1	1	1	0	1
yhdG	1	1	0	0	1	0	1	0	0	0	3	1	1	1	2	1	1	0	2	1	2	1	0	1	3	0	1	1	0	1	0	1	1	0	2	1	1	0	1	0	0	0	1	0	1	0	0	0	0	0	0	1	1	1	1	0	1
yieO	0	0	1	0	2	1	0	0	1	1	2	1	0	0	1	2	1	1	0	1	2	1	1	1	2	0	0	0	0	0	0	0	0	0	1	0	0	0	0	0	1	1	0	0	0	1	1	1	1	0	1	1	1	1	1	0	1
yihP	0	0	0	1	1	0	0	1	0	0	1	0	0	0	0	0	1	0	1	0	1	0	0	0	1	1	0	0	0	0	1	0	0	1	1	0	0	1	0	1	0	0	0	0	0	0	0	0	0	0	0	0	0	0	0	1	0
ylcG	0	0	0	0	1	0	0	0	0	0	1	1	0	0	1	1	1	0	0	1	1	1	0	1	1	0	0	0	0	0	0	0	0	0	1	0	0	0	0	0	0	0	0	0	0	0	0	0	0	0	0	1	1	1	1	0	1
